Unit: dimensionless (ratio of electricity demand in this hour to annual demand),Hour0,Hour1,Hour2,Hour3,Hour4,Hour5,Hour6,Hour7,Hour8,Hour9,Hour10,Hour11,Hour12,Hour13,Hour14,Hour15,Hour16,Hour17,Hour18,Hour19,Hour20,Hour21,Hour22,Hour23
Day1,1.0589E-04,1.0285E-04,1.0303E-04,1.0524E-04,1.0809E-04,1.1055E-04,1.2082E-04,1.1957E-04,1.2754E-04,1.3093E-04,1.3422E-04,1.3016E-04,1.2692E-04,1.2371E-04,1.1871E-04,1.2091E-04,1.3085E-04,1.5153E-04,1.5198E-04,1.5039E-04,1.4367E-04,1.3628E-04,1.2646E-04,1.1712E-04
Day2,1.0454E-04,1.0360E-04,1.0439E-04,1.0893E-04,1.1636E-04,1.2359E-04,1.3808E-04,1.3520E-04,1.3325E-04,1.2832E-04,1.3399E-04,1.2911E-04,1.2353E-04,1.1847E-04,1.1641E-04,1.1851E-04,1.3007E-04,1.5268E-04,1.6128E-04,1.6185E-04,1.5859E-04,1.5323E-04,1.4622E-04,1.3981E-04
Day3,1.4390E-04,1.4528E-04,1.4694E-04,1.5268E-04,1.6282E-04,1.7263E-04,1.8028E-04,1.7696E-04,1.7282E-04,1.6272E-04,1.6473E-04,1.5431E-04,1.4525E-04,1.3856E-04,1.3431E-04,1.3423E-04,1.4532E-04,1.7074E-04,1.7854E-04,1.7806E-04,1.7466E-04,1.7332E-04,1.6767E-04,1.6075E-04
Day4,1.6046E-04,1.6115E-04,1.6198E-04,1.6660E-04,1.7568E-04,1.8431E-04,1.8744E-04,1.8069E-04,1.7341E-04,1.5841E-04,1.5679E-04,1.4352E-04,1.3239E-04,1.2420E-04,1.1911E-04,1.1806E-04,1.2813E-04,1.5176E-04,1.5839E-04,1.5750E-04,1.5321E-04,1.4976E-04,1.4251E-04,1.3500E-04
Day5,1.3444E-04,1.3478E-04,1.3534E-04,1.3963E-04,1.4885E-04,1.5845E-04,1.6803E-04,1.6058E-04,1.5052E-04,1.3492E-04,1.3390E-04,1.2229E-04,1.1295E-04,1.0633E-04,1.0261E-04,1.0180E-04,1.1118E-04,1.3251E-04,1.4058E-04,1.3947E-04,1.3482E-04,1.2972E-04,1.2144E-04,1.1321E-04
Day6,1.1092E-04,1.1174E-04,1.1278E-04,1.1767E-04,1.2715E-04,1.3713E-04,1.5309E-04,1.4396E-04,1.3403E-04,1.1883E-04,1.1826E-04,1.0907E-04,1.0146E-04,9.6140E-05,9.3765E-05,9.3557E-05,1.0189E-04,1.1993E-04,1.2684E-04,1.2405E-04,1.1895E-04,1.1377E-04,1.0567E-04,9.8260E-05
Day7,1.0857E-04,1.0789E-04,1.0970E-04,1.1386E-04,1.1877E-04,1.2218E-04,1.3388E-04,1.3310E-04,1.4155E-04,1.4486E-04,1.4641E-04,1.3880E-04,1.3270E-04,1.2821E-04,1.2240E-04,1.2367E-04,1.3209E-04,1.5167E-04,1.5147E-04,1.4840E-04,1.4049E-04,1.3188E-04,1.2186E-04,1.1274E-04
Day8,1.1119E-04,1.0942E-04,1.1135E-04,1.1522E-04,1.1960E-04,1.2389E-04,1.3569E-04,1.3463E-04,1.4178E-04,1.4457E-04,1.4696E-04,1.4064E-04,1.3645E-04,1.3300E-04,1.2766E-04,1.2971E-04,1.3917E-04,1.6050E-04,1.6078E-04,1.5929E-04,1.5138E-04,1.4152E-04,1.2929E-04,1.1824E-04
Day9,1.0316E-04,1.0154E-04,1.0188E-04,1.0588E-04,1.1459E-04,1.2479E-04,1.4056E-04,1.3682E-04,1.3112E-04,1.2179E-04,1.2494E-04,1.1846E-04,1.1254E-04,1.0800E-04,1.0605E-04,1.0658E-04,1.1558E-04,1.3589E-04,1.4277E-04,1.3986E-04,1.3396E-04,1.2802E-04,1.1828E-04,1.0890E-04
Day10,1.0672E-04,1.0597E-04,1.0596E-04,1.0968E-04,1.1800E-04,1.2796E-04,1.4401E-04,1.3923E-04,1.3209E-04,1.2056E-04,1.2244E-04,1.1502E-04,1.0857E-04,1.0377E-04,1.0166E-04,1.0201E-04,1.1114E-04,1.3130E-04,1.3944E-04,1.3733E-04,1.3164E-04,1.2614E-04,1.1656E-04,1.0756E-04
Day11,1.0583E-04,1.0512E-04,1.0489E-04,1.0872E-04,1.1705E-04,1.2684E-04,1.4414E-04,1.3871E-04,1.3204E-04,1.2117E-04,1.2328E-04,1.1636E-04,1.1018E-04,1.0599E-04,1.0451E-04,1.0578E-04,1.1526E-04,1.3489E-04,1.4220E-04,1.4024E-04,1.3510E-04,1.2984E-04,1.2057E-04,1.1134E-04
Day12,1.1145E-04,1.1114E-04,1.1146E-04,1.1593E-04,1.2493E-04,1.3547E-04,1.5095E-04,1.4709E-04,1.4260E-04,1.3379E-04,1.3743E-04,1.3087E-04,1.2482E-04,1.2013E-04,1.1808E-04,1.1907E-04,1.2898E-04,1.5045E-04,1.5867E-04,1.5768E-04,1.5341E-04,1.5010E-04,1.4319E-04,1.3658E-04
Day13,1.4014E-04,1.4129E-04,1.4267E-04,1.4817E-04,1.5774E-04,1.6725E-04,1.7668E-04,1.7237E-04,1.6809E-04,1.5848E-04,1.6054E-04,1.4994E-04,1.4057E-04,1.3348E-04,1.2893E-04,1.2815E-04,1.3689E-04,1.5830E-04,1.6426E-04,1.6305E-04,1.6013E-04,1.6001E-04,1.5558E-04,1.5042E-04
Day14,1.6400E-04,1.6481E-04,1.6798E-04,1.7199E-04,1.7701E-04,1.7992E-04,1.8762E-04,1.8680E-04,1.9342E-04,1.9350E-04,1.9269E-04,1.7929E-04,1.6810E-04,1.5988E-04,1.5193E-04,1.5242E-04,1.6084E-04,1.8274E-04,1.8351E-04,1.8220E-04,1.7659E-04,1.7008E-04,1.6346E-04,1.5691E-04
Day15,1.5769E-04,1.5697E-04,1.6013E-04,1.6420E-04,1.6894E-04,1.7321E-04,1.8361E-04,1.8005E-04,1.8346E-04,1.8086E-04,1.7943E-04,1.6699E-04,1.5810E-04,1.5174E-04,1.4415E-04,1.4496E-04,1.5423E-04,1.7753E-04,1.7844E-04,1.7843E-04,1.7195E-04,1.6449E-04,1.5524E-04,1.4630E-04
Day16,1.3244E-04,1.3191E-04,1.3319E-04,1.3747E-04,1.4532E-04,1.5311E-04,1.6874E-04,1.6121E-04,1.5310E-04,1.4099E-04,1.4247E-04,1.3204E-04,1.2318E-04,1.1704E-04,1.1380E-04,1.1339E-04,1.2244E-04,1.4287E-04,1.4912E-04,1.4816E-04,1.4257E-04,1.3452E-04,1.2497E-04,1.1554E-04
Day17,1.1124E-04,1.1010E-04,1.0982E-04,1.1342E-04,1.2169E-04,1.3141E-04,1.4545E-04,1.4061E-04,1.3505E-04,1.2565E-04,1.2832E-04,1.2151E-04,1.1532E-04,1.1103E-04,1.0884E-04,1.0931E-04,1.1839E-04,1.3837E-04,1.4611E-04,1.4421E-04,1.3897E-04,1.3383E-04,1.2481E-04,1.1627E-04
Day18,1.1887E-04,1.1954E-04,1.2062E-04,1.2587E-04,1.3550E-04,1.4602E-04,1.5986E-04,1.5630E-04,1.5134E-04,1.4205E-04,1.4462E-04,1.3575E-04,1.2827E-04,1.2265E-04,1.1978E-04,1.2051E-04,1.2999E-04,1.5144E-04,1.5977E-04,1.5901E-04,1.5523E-04,1.5257E-04,1.4559E-04,1.3792E-04
Day19,1.3674E-04,1.3781E-04,1.3903E-04,1.4413E-04,1.5395E-04,1.6419E-04,1.7449E-04,1.6804E-04,1.6004E-04,1.4767E-04,1.4795E-04,1.3736E-04,1.2923E-04,1.2341E-04,1.2051E-04,1.2090E-04,1.2982E-04,1.4995E-04,1.5748E-04,1.5607E-04,1.5116E-04,1.4772E-04,1.3958E-04,1.3047E-04
Day20,1.2736E-04,1.2706E-04,1.2714E-04,1.3087E-04,1.3922E-04,1.4828E-04,1.5850E-04,1.5296E-04,1.4707E-04,1.3697E-04,1.3917E-04,1.3169E-04,1.2509E-04,1.2040E-04,1.1813E-04,1.1814E-04,1.2604E-04,1.4380E-04,1.4933E-04,1.4672E-04,1.4140E-04,1.3820E-04,1.3076E-04,1.2260E-04
Day21,1.3263E-04,1.3081E-04,1.3196E-04,1.3464E-04,1.3803E-04,1.4040E-04,1.5015E-04,1.5201E-04,1.6301E-04,1.7002E-04,1.7495E-04,1.6838E-04,1.6171E-04,1.5639E-04,1.4959E-04,1.4984E-04,1.5647E-04,1.7527E-04,1.7563E-04,1.7251E-04,1.6459E-04,1.5586E-04,1.4650E-04,1.3652E-04
Day22,1.3265E-04,1.2929E-04,1.3036E-04,1.3264E-04,1.3528E-04,1.3829E-04,1.4829E-04,1.4865E-04,1.5728E-04,1.6123E-04,1.6497E-04,1.5796E-04,1.5276E-04,1.4874E-04,1.4266E-04,1.4328E-04,1.5082E-04,1.7046E-04,1.6944E-04,1.6757E-04,1.5869E-04,1.4841E-04,1.3638E-04,1.2444E-04
Day23,1.0848E-04,1.0622E-04,1.0587E-04,1.0941E-04,1.1743E-04,1.2657E-04,1.4041E-04,1.3824E-04,1.3337E-04,1.2378E-04,1.2667E-04,1.1941E-04,1.1271E-04,1.0774E-04,1.0554E-04,1.0544E-04,1.1392E-04,1.3276E-04,1.4055E-04,1.3795E-04,1.3180E-04,1.2503E-04,1.1476E-04,1.0525E-04
Day24,1.0207E-04,1.0186E-04,1.0168E-04,1.0556E-04,1.1404E-04,1.2405E-04,1.4148E-04,1.3618E-04,1.2923E-04,1.1783E-04,1.1944E-04,1.1295E-04,1.0733E-04,1.0298E-04,1.0140E-04,1.0207E-04,1.1082E-04,1.3011E-04,1.3878E-04,1.3675E-04,1.3152E-04,1.2513E-04,1.1498E-04,1.0502E-04
Day25,1.0380E-04,1.0354E-04,1.0360E-04,1.0784E-04,1.1648E-04,1.2671E-04,1.4358E-04,1.3840E-04,1.3139E-04,1.2014E-04,1.2246E-04,1.1626E-04,1.1071E-04,1.0660E-04,1.0501E-04,1.0537E-04,1.1378E-04,1.3271E-04,1.4084E-04,1.3845E-04,1.3286E-04,1.2633E-04,1.1602E-04,1.0560E-04
Day26,1.0076E-04,9.9325E-05,9.8529E-05,1.0149E-04,1.0900E-04,1.1856E-04,1.3628E-04,1.3132E-04,1.2491E-04,1.1379E-04,1.1620E-04,1.1047E-04,1.0487E-04,1.0099E-04,9.9748E-05,1.0027E-04,1.0847E-04,1.2605E-04,1.3469E-04,1.3260E-04,1.2694E-04,1.1989E-04,1.0906E-04,9.8464E-05
Day27,9.4284E-05,9.2773E-05,9.2006E-05,9.5569E-05,1.0346E-04,1.1323E-04,1.3176E-04,1.2831E-04,1.2326E-04,1.1322E-04,1.1582E-04,1.1063E-04,1.0503E-04,1.0093E-04,9.9263E-05,9.9217E-05,1.0682E-04,1.2394E-04,1.3218E-04,1.3016E-04,1.2546E-04,1.2127E-04,1.1365E-04,1.0619E-04
Day28,1.1862E-04,1.1848E-04,1.2103E-04,1.2569E-04,1.3095E-04,1.3517E-04,1.4700E-04,1.4823E-04,1.5725E-04,1.6100E-04,1.6276E-04,1.5374E-04,1.4636E-04,1.4040E-04,1.3320E-04,1.3365E-04,1.4042E-04,1.6001E-04,1.6264E-04,1.6150E-04,1.5521E-04,1.4828E-04,1.4046E-04,1.3299E-04
Day29,1.3172E-04,1.3111E-04,1.3414E-04,1.3883E-04,1.4326E-04,1.4790E-04,1.5858E-04,1.5661E-04,1.6076E-04,1.5934E-04,1.5889E-04,1.4900E-04,1.4214E-04,1.3681E-04,1.3031E-04,1.3166E-04,1.3986E-04,1.6115E-04,1.6512E-04,1.6598E-04,1.5878E-04,1.4975E-04,1.3866E-04,1.2903E-04
Day30,1.1561E-04,1.1568E-04,1.1753E-04,1.2318E-04,1.3361E-04,1.4486E-04,1.6029E-04,1.5178E-04,1.4128E-04,1.2694E-04,1.2630E-04,1.1627E-04,1.0806E-04,1.0204E-04,9.8819E-05,9.8259E-05,1.0638E-04,1.2586E-04,1.3574E-04,1.3432E-04,1.2882E-04,1.2242E-04,1.1238E-04,1.0332E-04
Day31,1.0021E-04,1.0066E-04,1.0153E-04,1.0626E-04,1.1555E-04,1.2569E-04,1.4273E-04,1.3396E-04,1.2457E-04,1.1086E-04,1.1071E-04,1.0357E-04,9.7450E-05,9.3316E-05,9.2011E-05,9.2339E-05,1.0010E-04,1.1744E-04,1.2734E-04,1.2527E-04,1.1916E-04,1.1136E-04,1.0016E-04,8.9467E-05
Day32,8.4737E-05,8.3288E-05,8.4081E-05,8.8103E-05,9.5981E-05,1.0593E-04,1.2586E-04,1.2081E-04,1.1188E-04,1.0227E-04,1.0222E-04,9.7561E-05,9.2614E-05,9.0079E-05,8.8040E-05,8.9114E-05,9.6329E-05,1.1292E-04,1.2463E-04,1.2348E-04,1.1862E-04,1.1070E-04,9.8991E-05,8.7700E-05
Day33,8.5106E-05,8.3306E-05,8.3952E-05,8.7931E-05,9.5476E-05,1.0581E-04,1.2649E-04,1.2296E-04,1.1504E-04,1.0628E-04,1.0691E-04,1.0225E-04,9.7948E-05,9.5497E-05,9.2866E-05,9.3480E-05,1.0039E-04,1.1793E-04,1.2978E-04,1.2940E-04,1.2526E-04,1.1868E-04,1.0802E-04,9.7701E-05
Day34,9.5726E-05,9.4498E-05,9.5412E-05,9.9583E-05,1.0727E-04,1.1738E-04,1.3703E-04,1.3350E-04,1.2461E-04,1.1540E-04,1.1573E-04,1.0959E-04,1.0386E-04,1.0040E-04,9.7128E-05,9.7307E-05,1.0362E-04,1.2017E-04,1.3012E-04,1.2911E-04,1.2534E-04,1.2119E-04,1.1332E-04,1.0552E-04
Day35,1.1383E-04,1.1269E-04,1.1254E-04,1.1579E-04,1.1950E-04,1.2196E-04,1.3265E-04,1.3379E-04,1.4301E-04,1.5076E-04,1.5453E-04,1.4617E-04,1.4012E-04,1.3489E-04,1.3104E-04,1.3072E-04,1.3252E-04,1.4624E-04,1.5481E-04,1.5106E-04,1.4463E-04,1.3554E-04,1.2697E-04,1.1973E-04
Day36,1.1580E-04,1.1329E-04,1.1341E-04,1.1682E-04,1.2053E-04,1.2383E-04,1.3473E-04,1.3431E-04,1.4275E-04,1.4952E-04,1.5392E-04,1.4633E-04,1.4163E-04,1.3715E-04,1.3338E-04,1.3297E-04,1.3427E-04,1.4773E-04,1.5568E-04,1.5376E-04,1.4890E-04,1.4267E-04,1.3396E-04,1.2614E-04
Day37,1.1109E-04,1.0944E-04,1.1124E-04,1.1619E-04,1.2481E-04,1.3520E-04,1.5191E-04,1.4736E-04,1.3811E-04,1.2816E-04,1.2773E-04,1.1840E-04,1.1055E-04,1.0535E-04,1.0043E-04,1.0010E-04,1.0685E-04,1.2605E-04,1.3815E-04,1.3833E-04,1.3406E-04,1.2937E-04,1.2074E-04,1.1265E-04
Day38,1.1088E-04,1.1070E-04,1.1194E-04,1.1617E-04,1.2431E-04,1.3384E-04,1.5181E-04,1.4516E-04,1.3500E-04,1.2475E-04,1.2459E-04,1.1613E-04,1.0923E-04,1.0496E-04,1.0110E-04,1.0197E-04,1.0979E-04,1.2830E-04,1.3974E-04,1.4018E-04,1.3616E-04,1.3108E-04,1.2215E-04,1.1380E-04
Day39,1.1403E-04,1.1357E-04,1.1497E-04,1.1928E-04,1.2765E-04,1.3742E-04,1.5384E-04,1.4806E-04,1.3914E-04,1.3090E-04,1.3179E-04,1.2433E-04,1.1790E-04,1.1382E-04,1.1015E-04,1.1096E-04,1.1809E-04,1.3674E-04,1.4732E-04,1.4740E-04,1.4359E-04,1.3919E-04,1.3043E-04,1.2176E-04
Day40,1.2008E-04,1.1981E-04,1.2160E-04,1.2627E-04,1.3515E-04,1.4547E-04,1.6083E-04,1.5463E-04,1.4445E-04,1.3417E-04,1.3339E-04,1.2398E-04,1.1611E-04,1.1099E-04,1.0646E-04,1.0678E-04,1.1399E-04,1.3312E-04,1.4505E-04,1.4602E-04,1.4226E-04,1.3822E-04,1.3029E-04,1.2223E-04
Day41,1.2000E-04,1.1942E-04,1.2058E-04,1.2443E-04,1.3211E-04,1.4102E-04,1.5535E-04,1.5058E-04,1.4286E-04,1.3491E-04,1.3603E-04,1.2831E-04,1.2151E-04,1.1749E-04,1.1389E-04,1.1482E-04,1.2148E-04,1.3781E-04,1.4689E-04,1.4669E-04,1.4305E-04,1.4105E-04,1.3518E-04,1.2944E-04
Day42,1.4259E-04,1.4265E-04,1.4401E-04,1.4848E-04,1.5355E-04,1.5645E-04,1.6575E-04,1.6696E-04,1.7886E-04,1.8704E-04,1.9126E-04,1.8189E-04,1.7390E-04,1.6714E-04,1.6205E-04,1.6236E-04,1.6626E-04,1.8409E-04,1.9601E-04,1.9547E-04,1.9145E-04,1.8575E-04,1.8093E-04,1.7595E-04
Day43,1.7803E-04,1.7771E-04,1.8025E-04,1.8513E-04,1.9006E-04,1.9322E-04,1.9761E-04,1.9440E-04,2.0346E-04,2.0530E-04,2.0551E-04,1.9168E-04,1.8063E-04,1.7150E-04,1.6430E-04,1.6272E-04,1.6586E-04,1.8647E-04,1.9749E-04,1.9912E-04,1.9485E-04,1.8795E-04,1.8057E-04,1.7401E-04
Day44,1.5736E-04,1.5647E-04,1.5885E-04,1.6438E-04,1.7396E-04,1.8322E-04,1.8309E-04,1.7753E-04,1.7077E-04,1.5908E-04,1.5727E-04,1.4307E-04,1.3191E-04,1.2402E-04,1.1640E-04,1.1443E-04,1.2062E-04,1.4077E-04,1.5054E-04,1.5141E-04,1.4763E-04,1.4481E-04,1.3793E-04,1.3067E-04
Day45,1.3234E-04,1.3202E-04,1.3327E-04,1.3703E-04,1.4516E-04,1.5418E-04,1.6510E-04,1.5750E-04,1.4850E-04,1.3821E-04,1.3781E-04,1.2577E-04,1.1649E-04,1.1038E-04,1.0429E-04,1.0335E-04,1.0953E-04,1.2728E-04,1.3702E-04,1.3691E-04,1.3283E-04,1.2824E-04,1.2036E-04,1.1250E-04
Day46,1.1072E-04,1.1027E-04,1.1135E-04,1.1537E-04,1.2336E-04,1.3269E-04,1.4932E-04,1.4159E-04,1.3108E-04,1.2025E-04,1.1971E-04,1.1115E-04,1.0376E-04,9.9172E-05,9.5224E-05,9.5635E-05,1.0242E-04,1.1954E-04,1.3104E-04,1.3102E-04,1.2666E-04,1.2089E-04,1.1130E-04,1.0225E-04
Day47,1.0234E-04,1.0158E-04,1.0248E-04,1.0634E-04,1.1391E-04,1.2352E-04,1.4172E-04,1.3599E-04,1.2705E-04,1.1808E-04,1.1910E-04,1.1156E-04,1.0516E-04,1.0122E-04,9.7281E-05,9.7316E-05,1.0363E-04,1.2044E-04,1.3201E-04,1.3174E-04,1.2728E-04,1.2126E-04,1.1190E-04,1.0290E-04
Day48,9.9086E-05,9.8388E-05,9.9211E-05,1.0301E-04,1.1024E-04,1.1925E-04,1.3821E-04,1.3244E-04,1.2332E-04,1.1348E-04,1.1333E-04,1.0642E-04,9.9921E-05,9.6015E-05,9.2380E-05,9.2512E-05,9.8559E-05,1.1420E-04,1.2531E-04,1.2499E-04,1.2129E-04,1.1714E-04,1.0941E-04,1.0180E-04
Day49,1.1392E-04,1.1389E-04,1.1452E-04,1.1882E-04,1.2319E-04,1.2620E-04,1.3738E-04,1.3708E-04,1.4544E-04,1.5179E-04,1.5454E-04,1.4511E-04,1.3883E-04,1.3357E-04,1.2977E-04,1.2976E-04,1.3147E-04,1.4443E-04,1.5417E-04,1.5141E-04,1.4531E-04,1.3689E-04,1.2923E-04,1.2306E-04
Day50,1.2003E-04,1.1865E-04,1.1969E-04,1.2352E-04,1.2748E-04,1.3099E-04,1.4209E-04,1.4083E-04,1.4878E-04,1.5428E-04,1.5809E-04,1.4925E-04,1.4384E-04,1.3835E-04,1.3429E-04,1.3411E-04,1.3612E-04,1.5057E-04,1.6084E-04,1.6004E-04,1.5421E-04,1.4582E-04,1.3763E-04,1.3123E-04
Day51,1.1624E-04,1.1532E-04,1.1759E-04,1.2260E-04,1.3053E-04,1.3993E-04,1.5850E-04,1.5143E-04,1.4034E-04,1.2962E-04,1.2981E-04,1.1980E-04,1.1142E-04,1.0567E-04,1.0069E-04,1.0035E-04,1.0677E-04,1.2516E-04,1.3786E-04,1.4068E-04,1.3731E-04,1.3005E-04,1.2111E-04,1.1337E-04
Day52,1.1261E-04,1.1303E-04,1.1507E-04,1.1979E-04,1.2859E-04,1.3845E-04,1.5551E-04,1.4540E-04,1.3314E-04,1.2119E-04,1.1964E-04,1.1053E-04,1.0328E-04,9.8829E-05,9.4406E-05,9.4307E-05,1.0063E-04,1.1727E-04,1.2948E-04,1.2987E-04,1.2539E-04,1.1874E-04,1.0860E-04,9.8830E-05
Day53,9.4631E-05,9.3620E-05,9.4496E-05,9.8640E-05,1.0675E-04,1.1648E-04,1.3539E-04,1.2745E-04,1.1661E-04,1.0530E-04,1.0380E-04,9.8648E-05,9.3408E-05,9.0672E-05,8.8311E-05,8.9346E-05,9.6207E-05,1.1141E-04,1.2407E-04,1.2394E-04,1.1894E-04,1.1091E-04,9.8992E-05,8.7096E-05
Day54,8.2227E-05,7.9377E-05,7.9081E-05,8.2166E-05,8.8830E-05,9.8462E-05,1.1839E-04,1.1625E-04,1.0874E-04,1.0047E-04,1.0139E-04,9.9479E-05,9.6031E-05,9.4557E-05,9.2902E-05,9.3895E-05,1.0032E-04,1.1529E-04,1.2802E-04,1.2804E-04,1.2291E-04,1.1464E-04,1.0243E-04,9.0151E-05
Day55,8.5141E-05,8.1783E-05,8.1124E-05,8.3980E-05,9.0263E-05,9.9683E-05,1.1978E-04,1.1943E-04,1.1433E-04,1.0824E-04,1.1048E-04,1.0765E-04,1.0350E-04,1.0131E-04,9.8981E-05,9.9715E-05,1.0569E-04,1.2029E-04,1.3103E-04,1.3078E-04,1.2684E-04,1.2192E-04,1.1328E-04,1.0547E-04
Day56,1.1768E-04,1.1757E-04,1.1859E-04,1.2390E-04,1.2953E-04,1.3365E-04,1.4505E-04,1.4510E-04,1.5377E-04,1.6028E-04,1.6344E-04,1.5355E-04,1.4616E-04,1.3958E-04,1.3423E-04,1.3301E-04,1.3401E-04,1.4748E-04,1.5864E-04,1.5791E-04,1.5275E-04,1.4485E-04,1.3817E-04,1.3284E-04
Day57,1.3047E-04,1.2956E-04,1.3137E-04,1.3617E-04,1.4098E-04,1.4481E-04,1.5603E-04,1.5011E-04,1.5295E-04,1.5357E-04,1.5365E-04,1.4233E-04,1.3524E-04,1.2901E-04,1.2412E-04,1.2341E-04,1.2535E-04,1.3959E-04,1.5172E-04,1.5284E-04,1.4708E-04,1.3740E-04,1.2753E-04,1.1967E-04
Day58,1.0432E-04,1.0294E-04,1.0463E-04,1.0943E-04,1.1812E-04,1.2789E-04,1.4473E-04,1.3804E-04,1.2892E-04,1.1914E-04,1.1897E-04,1.1081E-04,1.0403E-04,9.9690E-05,9.5740E-05,9.5701E-05,1.0169E-04,1.1803E-04,1.3025E-04,1.3107E-04,1.2632E-04,1.1995E-04,1.1009E-04,1.0043E-04
Day59,9.8186E-05,9.6541E-05,9.7030E-05,1.0066E-04,1.0815E-04,1.1790E-04,1.3555E-04,1.3038E-04,1.2142E-04,1.1206E-04,1.1254E-04,1.0654E-04,1.0097E-04,9.7754E-05,9.4575E-05,9.4936E-05,1.0126E-04,1.1718E-04,1.2923E-04,1.3005E-04,1.2539E-04,1.1856E-04,1.0787E-04,9.7162E-05
Day60,9.3419E-05,9.1036E-05,9.0695E-05,9.3383E-05,9.9655E-05,1.0859E-04,1.2654E-04,1.2344E-04,1.1579E-04,1.0770E-04,1.0935E-04,1.0503E-04,1.0027E-04,9.7710E-05,9.5233E-05,9.6121E-05,1.0255E-04,1.1756E-04,1.2899E-04,1.2885E-04,1.2375E-04,1.1623E-04,1.0455E-04,9.3338E-05
Day61,8.8472E-05,8.5159E-05,8.4064E-05,8.6805E-05,9.3538E-05,1.0298E-04,1.2086E-04,1.1927E-04,1.1352E-04,1.0473E-04,1.0545E-04,1.0163E-04,9.7603E-05,9.5722E-05,9.3030E-05,9.5497E-05,1.0031E-04,1.1309E-04,1.2604E-04,1.2804E-04,1.2245E-04,1.1558E-04,1.0582E-04,9.4684E-05
Day62,9.0022E-05,8.6862E-05,8.5876E-05,8.8765E-05,9.5638E-05,1.0507E-04,1.2292E-04,1.2169E-04,1.1675E-04,1.0857E-04,1.0939E-04,1.0538E-04,1.0120E-04,9.9126E-05,9.5989E-05,9.7971E-05,1.0232E-04,1.1420E-04,1.2461E-04,1.2534E-04,1.1986E-04,1.1448E-04,1.0692E-04,9.7908E-05
Day63,1.0219E-04,1.0180E-04,1.0257E-04,1.0675E-04,1.0988E-04,1.1237E-04,1.2313E-04,1.2675E-04,1.3527E-04,1.4111E-04,1.4617E-04,1.3774E-04,1.3172E-04,1.2512E-04,1.2115E-04,1.2146E-04,1.2385E-04,1.3705E-04,1.4299E-04,1.4399E-04,1.3909E-04,1.3329E-04,1.2296E-04,1.1266E-04
Day64,1.0836E-04,1.0817E-04,1.1006E-04,1.1511E-04,1.1912E-04,1.2276E-04,1.3367E-04,1.3365E-04,1.3822E-04,1.4030E-04,1.4318E-04,1.3462E-04,1.2939E-04,1.2347E-04,1.2052E-04,1.2194E-04,1.2555E-04,1.4098E-04,1.4890E-04,1.5236E-04,1.4752E-04,1.4076E-04,1.2842E-04,1.1681E-04
Day65,1.0297E-04,1.0130E-04,1.0277E-04,1.0802E-04,1.1777E-04,1.2868E-04,1.4386E-04,1.3724E-04,1.2943E-04,1.1922E-04,1.1831E-04,1.1151E-04,1.0541E-04,1.0165E-04,9.7076E-05,9.8489E-05,1.0354E-04,1.1813E-04,1.3192E-04,1.3588E-04,1.3122E-04,1.2588E-04,1.1786E-04,1.0861E-04
Day66,1.0501E-04,1.0322E-04,1.0445E-04,1.0955E-04,1.1921E-04,1.2993E-04,1.4549E-04,1.3638E-04,1.2646E-04,1.1445E-04,1.1210E-04,1.0461E-04,9.7962E-05,9.3654E-05,8.8686E-05,8.9831E-05,9.4402E-05,1.0833E-04,1.2209E-04,1.2578E-04,1.2097E-04,1.1451E-04,1.0612E-04,9.6409E-05
Day67,9.0499E-05,8.8540E-05,8.8742E-05,9.2760E-05,1.0075E-04,1.1040E-04,1.2739E-04,1.2156E-04,1.1393E-04,1.0252E-04,1.0093E-04,9.5339E-05,8.9874E-05,8.6918E-05,8.3333E-05,8.5416E-05,9.0459E-05,1.0328E-04,1.1688E-04,1.1939E-04,1.1383E-04,1.0600E-04,9.6134E-05,8.4968E-05
Day68,7.9189E-05,7.6365E-05,7.5781E-05,7.9120E-05,8.6534E-05,9.6381E-05,1.1461E-04,1.1252E-04,1.0730E-04,9.8340E-05,9.8142E-05,9.5308E-05,9.1407E-05,8.9692E-05,8.6976E-05,8.9554E-05,9.4734E-05,1.0706E-04,1.2065E-04,1.2286E-04,1.1746E-04,1.0937E-04,9.8916E-05,8.7135E-05
Day69,8.5061E-05,8.3010E-05,8.3283E-05,8.7697E-05,9.5922E-05,1.0600E-04,1.2385E-04,1.2149E-04,1.1695E-04,1.0896E-04,1.0953E-04,1.0489E-04,9.9919E-05,9.6844E-05,9.2537E-05,9.3765E-05,9.7607E-05,1.0936E-04,1.2141E-04,1.2427E-04,1.2017E-04,1.1540E-04,1.0862E-04,1.0083E-04
Day70,1.1020E-04,1.1114E-04,1.1309E-04,1.1832E-04,1.2291E-04,1.2601E-04,1.3566E-04,1.3552E-04,1.4084E-04,1.4316E-04,1.4593E-04,1.3550E-04,1.2802E-04,1.2043E-04,1.1564E-04,1.1508E-04,1.1656E-04,1.2943E-04,1.3587E-04,1.3764E-04,1.3290E-04,1.2658E-04,1.1632E-04,1.0609E-04
Day71,9.9740E-05,9.9623E-05,9.9986E-05,1.0658E-04,1.1007E-04,1.1318E-04,1.2435E-04,1.2303E-04,1.2601E-04,1.2652E-04,1.2956E-04,1.2127E-04,1.1575E-04,1.0936E-04,1.0605E-04,1.0667E-04,1.0875E-04,1.2021E-04,1.2556E-04,1.2992E-04,1.2540E-04,1.1682E-04,1.0242E-04,8.9147E-05
Day72,7.4046E-05,7.1533E-05,7.2144E-05,7.7047E-05,8.6680E-05,9.7610E-05,1.1524E-04,1.1136E-04,1.0531E-04,9.5610E-05,9.4350E-05,9.0918E-05,8.6881E-05,8.4801E-05,8.2067E-05,8.4598E-05,8.9348E-05,9.9655E-05,1.1138E-04,1.1518E-04,1.0930E-04,9.9612E-05,8.8321E-05,7.6075E-05
Day73,6.8370E-05,6.5011E-05,6.3335E-05,6.6836E-05,7.5087E-05,8.5686E-05,1.0331E-04,1.0243E-04,9.7841E-05,8.9353E-05,8.9241E-05,8.8210E-05,8.5683E-05,8.5000E-05,8.3365E-05,8.6470E-05,9.1344E-05,1.0105E-04,1.1293E-04,1.1695E-04,1.1145E-04,1.0100E-04,8.8811E-05,7.5709E-05
Day74,6.7398E-05,6.2181E-05,5.9953E-05,6.2532E-05,6.9912E-05,8.0576E-05,9.8183E-05,9.9816E-05,9.6055E-05,8.8048E-05,8.8606E-05,8.9160E-05,8.7657E-05,8.7696E-05,8.6652E-05,8.9954E-05,9.4947E-05,1.0433E-04,1.1557E-04,1.1875E-04,1.1299E-04,1.0235E-04,8.9657E-05,7.5841E-05
Day75,6.7192E-05,6.1614E-05,5.9145E-05,6.1466E-05,6.8535E-05,7.9054E-05,9.6886E-05,9.9453E-05,9.6367E-05,8.9104E-05,9.0111E-05,9.1678E-05,9.0425E-05,9.0830E-05,8.9848E-05,9.2884E-05,9.7681E-05,1.0699E-04,1.1747E-04,1.2060E-04,1.1429E-04,1.0350E-04,9.0665E-05,7.6865E-05
Day76,6.8046E-05,6.2184E-05,5.9625E-05,6.1683E-05,6.8377E-05,7.8363E-05,9.5738E-05,9.9095E-05,9.6459E-05,8.9455E-05,9.0356E-05,9.1282E-05,8.9575E-05,8.9426E-05,8.8360E-05,9.1199E-05,9.5178E-05,1.0329E-04,1.1294E-04,1.1518E-04,1.0971E-04,1.0061E-04,8.9394E-05,7.6719E-05
Day77,7.6481E-05,7.1873E-05,6.9156E-05,7.1394E-05,7.2797E-05,7.5475E-05,8.5066E-05,9.6459E-05,1.0845E-04,1.1685E-04,1.2326E-04,1.2091E-04,1.1928E-04,1.1635E-04,1.1567E-04,1.1736E-04,1.1934E-04,1.2799E-04,1.3097E-04,1.3235E-04,1.2674E-04,1.1734E-04,1.0208E-04,8.6972E-05
Day78,7.6821E-05,7.1583E-05,6.8985E-05,7.0820E-05,7.1469E-05,7.3576E-05,8.2768E-05,9.3749E-05,1.0465E-04,1.1279E-04,1.1975E-04,1.1853E-04,1.1792E-04,1.1582E-04,1.1579E-04,1.1815E-04,1.2105E-04,1.3119E-04,1.3576E-04,1.3880E-04,1.3326E-04,1.2196E-04,1.0506E-04,8.8617E-05
Day79,7.0880E-05,6.4513E-05,6.2244E-05,6.4731E-05,7.2022E-05,8.2822E-05,9.9653E-05,1.0358E-04,1.0097E-04,9.4230E-05,9.5802E-05,9.6229E-05,9.4760E-05,9.5030E-05,9.3887E-05,9.7055E-05,1.0216E-04,1.1184E-04,1.2200E-04,1.2439E-04,1.1780E-04,1.0644E-04,9.3795E-05,8.0873E-05
Day80,7.1774E-05,6.6265E-05,6.3787E-05,6.5991E-05,7.2958E-05,8.3732E-05,1.0094E-04,1.0378E-04,1.0013E-04,9.2535E-05,9.3251E-05,9.3481E-05,9.1960E-05,9.2248E-05,9.1088E-05,9.4429E-05,9.9505E-05,1.0913E-04,1.1962E-04,1.2220E-04,1.1614E-04,1.0495E-04,9.2254E-05,7.8910E-05
Day81,6.9659E-05,6.4332E-05,6.2241E-05,6.4755E-05,7.2262E-05,8.3249E-05,1.0074E-04,1.0235E-04,9.8448E-05,9.0481E-05,9.0803E-05,9.1492E-05,8.9665E-05,8.9610E-05,8.8524E-05,9.1832E-05,9.7007E-05,1.0664E-04,1.1754E-04,1.1998E-04,1.1405E-04,1.0289E-04,8.9989E-05,7.6290E-05
Day82,6.7084E-05,6.1470E-05,5.9159E-05,6.1701E-05,6.9184E-05,8.0326E-05,9.8007E-05,1.0020E-04,9.6867E-05,8.9029E-05,8.9364E-05,9.0454E-05,8.8891E-05,8.9076E-05,8.8177E-05,9.1553E-05,9.6720E-05,1.0624E-04,1.1706E-04,1.1971E-04,1.1395E-04,1.0265E-04,8.9561E-05,7.5492E-05
Day83,6.5888E-05,6.0058E-05,5.7526E-05,5.9838E-05,6.7102E-05,7.7904E-05,9.5368E-05,9.8375E-05,9.5449E-05,8.7826E-05,8.7988E-05,8.9280E-05,8.7773E-05,8.7848E-05,8.6597E-05,8.9560E-05,9.4053E-05,1.0226E-04,1.1122E-04,1.1312E-04,1.0778E-04,9.8456E-05,8.7085E-05,7.4271E-05
Day84,7.3625E-05,6.9602E-05,6.7260E-05,7.0000E-05,7.1880E-05,7.5129E-05,8.5264E-05,9.4826E-05,1.0618E-04,1.1384E-04,1.1929E-04,1.1635E-04,1.1431E-04,1.1110E-04,1.1005E-04,1.1195E-04,1.1389E-04,1.2254E-04,1.2566E-04,1.2753E-04,1.2197E-04,1.1246E-04,9.6814E-05,8.1934E-05
Day85,7.3404E-05,6.9036E-05,6.7432E-05,7.0334E-05,7.2099E-05,7.4708E-05,8.4577E-05,9.2553E-05,1.0271E-04,1.0941E-04,1.1553E-04,1.1314E-04,1.1208E-04,1.0942E-04,1.0902E-04,1.1161E-04,1.1479E-04,1.2493E-04,1.2840E-04,1.3160E-04,1.2608E-04,1.1503E-04,9.7920E-05,8.2409E-05
Day86,6.6669E-05,6.1602E-05,6.0358E-05,6.3973E-05,7.2604E-05,8.3803E-05,1.0089E-04,1.0228E-04,9.9805E-05,9.2830E-05,9.3844E-05,9.3587E-05,9.1800E-05,9.1729E-05,9.0619E-05,9.4144E-05,9.8956E-05,1.0796E-04,1.1728E-04,1.2080E-04,1.1530E-04,1.0488E-04,9.3160E-05,8.1008E-05
Day87,7.5188E-05,7.1349E-05,7.0244E-05,7.3860E-05,8.2653E-05,9.3701E-05,1.1078E-04,1.0972E-04,1.0542E-04,9.7026E-05,9.7071E-05,9.5380E-05,9.3036E-05,9.2402E-05,9.0818E-05,9.4003E-05,9.8351E-05,1.0749E-04,1.1689E-04,1.2064E-04,1.1536E-04,1.0525E-04,9.3791E-05,8.1581E-05
Day88,7.2103E-05,6.7853E-05,6.6261E-05,6.9224E-05,7.7109E-05,8.7471E-05,1.0412E-04,1.0362E-04,9.9353E-05,9.1126E-05,9.1358E-05,9.1478E-05,8.9900E-05,8.9959E-05,8.8920E-05,9.2330E-05,9.7185E-05,1.0612E-04,1.1589E-04,1.1889E-04,1.1338E-04,1.0229E-04,8.9562E-05,7.6228E-05
Day89,6.8748E-05,6.3748E-05,6.1725E-05,6.4516E-05,7.2340E-05,8.3159E-05,9.9951E-05,1.0111E-04,9.8486E-05,9.1680E-05,9.3125E-05,9.4061E-05,9.2921E-05,9.3191E-05,9.2211E-05,9.5445E-05,9.9957E-05,1.0875E-04,1.1829E-04,1.2135E-04,1.1571E-04,1.0509E-04,9.2511E-05,7.9481E-05
Day90,7.1366E-05,6.6392E-05,6.4341E-05,6.7036E-05,7.4533E-05,8.4746E-05,1.0190E-04,1.0343E-04,1.0052E-04,9.3467E-05,9.4736E-05,9.5258E-05,9.3935E-05,9.3924E-05,9.2797E-05,9.5664E-05,9.9347E-05,1.0728E-04,1.1537E-04,1.1758E-04,1.1266E-04,1.0401E-04,9.3246E-05,8.1371E-05
Day91,8.3031E-05,7.9145E-05,7.6983E-05,7.9550E-05,8.1489E-05,8.4229E-05,9.4051E-05,1.0364E-04,1.1507E-04,1.2311E-04,1.3016E-04,1.2742E-04,1.2611E-04,1.2331E-04,1.2272E-04,1.2476E-04,1.2691E-04,1.3551E-04,1.3684E-04,1.3774E-04,1.3209E-04,1.2220E-04,1.0711E-04,9.2376E-05
Day92,8.2679E-05,7.7478E-05,7.5249E-05,7.6405E-05,7.7769E-05,7.9967E-05,8.8522E-05,1.0079E-04,1.1151E-04,1.1571E-04,1.2025E-04,1.2027E-04,1.2019E-04,1.2049E-04,1.1971E-04,1.2258E-04,1.2532E-04,1.3168E-04,1.3639E-04,1.3774E-04,1.3298E-04,1.2548E-04,1.0879E-04,9.2578E-05
Day93,7.2875E-05,6.6452E-05,6.5245E-05,6.7884E-05,7.4985E-05,8.3906E-05,1.0011E-04,1.0276E-04,1.0037E-04,9.6621E-05,9.9711E-05,9.7960E-05,9.7564E-05,9.8562E-05,9.8167E-05,9.9933E-05,1.0442E-04,1.1350E-04,1.1967E-04,1.2221E-04,1.1939E-04,1.0844E-04,9.5522E-05,8.2799E-05
Day94,7.3009E-05,6.7562E-05,6.6187E-05,6.8678E-05,7.5805E-05,8.4855E-05,1.0122E-04,1.0268E-04,9.9109E-05,9.4555E-05,9.7058E-05,9.5309E-05,9.4954E-05,9.5912E-05,9.5200E-05,9.6630E-05,1.0107E-04,1.1025E-04,1.1689E-04,1.1956E-04,1.1715E-04,1.0647E-04,9.3567E-05,8.0710E-05
Day95,7.0806E-05,6.4956E-05,6.3245E-05,6.5598E-05,7.2435E-05,8.0971E-05,9.7134E-05,9.9107E-05,9.6111E-05,9.1911E-05,9.4574E-05,9.2744E-05,9.2392E-05,9.3440E-05,9.2885E-05,9.4542E-05,9.9297E-05,1.0844E-04,1.1475E-04,1.1767E-04,1.1578E-04,1.0549E-04,9.2711E-05,8.0105E-05
Day96,7.1746E-05,6.6490E-05,6.5103E-05,6.8039E-05,7.5488E-05,8.4254E-05,9.9983E-05,1.0146E-04,9.8837E-05,9.4676E-05,9.7235E-05,9.3935E-05,9.2431E-05,9.2291E-05,9.0746E-05,9.1672E-05,9.5527E-05,1.0427E-04,1.0992E-04,1.1331E-04,1.1253E-04,1.0420E-04,9.3433E-05,8.2299E-05
Day97,7.5584E-05,7.1594E-05,7.1044E-05,7.3988E-05,8.0705E-05,8.7355E-05,1.0151E-04,1.0136E-04,9.8584E-05,9.3472E-05,9.4614E-05,8.9028E-05,8.5810E-05,8.4445E-05,8.2347E-05,8.3090E-05,8.6779E-05,9.5188E-05,1.0054E-04,1.0419E-04,1.0435E-04,9.7904E-05,8.9368E-05,8.0550E-05
Day98,8.2977E-05,8.1177E-05,8.1015E-05,8.4207E-05,8.7835E-05,9.0844E-05,9.9789E-05,1.0807E-04,1.1695E-04,1.1866E-04,1.2003E-04,1.1582E-04,1.1220E-04,1.0979E-04,1.0703E-04,1.0828E-04,1.0990E-04,1.1563E-04,1.2058E-04,1.2196E-04,1.1953E-04,1.1516E-04,1.0159E-04,8.8052E-05
Day99,7.9349E-05,7.6094E-05,7.5820E-05,7.8733E-05,8.2394E-05,8.5813E-05,9.5608E-05,1.0270E-04,1.1029E-04,1.1105E-04,1.1260E-04,1.0944E-04,1.0639E-04,1.0409E-04,1.0102E-04,1.0175E-04,1.0306E-04,1.0884E-04,1.1510E-04,1.1779E-04,1.1646E-04,1.1164E-04,9.7363E-05,8.3605E-05
Day100,6.4981E-05,6.0243E-05,6.0157E-05,6.3857E-05,7.1757E-05,8.0455E-05,9.5666E-05,9.5955E-05,9.3092E-05,8.8542E-05,9.0017E-05,8.7493E-05,8.6285E-05,8.6682E-05,8.5712E-05,8.7299E-05,9.2127E-05,1.0152E-04,1.0862E-04,1.1239E-04,1.1099E-04,1.0055E-04,8.7987E-05,7.5606E-05
Day101,6.8389E-05,6.3626E-05,6.2797E-05,6.6332E-05,7.4702E-05,8.4177E-05,9.9905E-05,1.0059E-04,9.7170E-05,9.2465E-05,9.4402E-05,9.1743E-05,9.0788E-05,9.1280E-05,9.0327E-05,9.1674E-05,9.6148E-05,1.0555E-04,1.1248E-04,1.1650E-04,1.1511E-04,1.0525E-04,9.3578E-05,8.2442E-05
Day102,7.6306E-05,7.2628E-05,7.2453E-05,7.6373E-05,8.5180E-05,9.4276E-05,1.0934E-04,1.0809E-04,1.0424E-04,9.8776E-05,1.0045E-04,9.5470E-05,9.3411E-05,9.2640E-05,9.0481E-05,9.1185E-05,9.4930E-05,1.0448E-04,1.1086E-04,1.1537E-04,1.1491E-04,1.0640E-04,9.6371E-05,8.6602E-05
Day103,8.0812E-05,7.8146E-05,7.8743E-05,8.3135E-05,9.2067E-05,1.0117E-04,1.1596E-04,1.1227E-04,1.0623E-04,9.8885E-05,9.9197E-05,9.2898E-05,8.9821E-05,8.8342E-05,8.6118E-05,8.6909E-05,9.1084E-05,1.0048E-04,1.0718E-04,1.1184E-04,1.1148E-04,1.0322E-04,9.2730E-05,8.2872E-05
Day104,7.7037E-05,7.4454E-05,7.5149E-05,7.9369E-05,8.8094E-05,9.6988E-05,1.1175E-04,1.0876E-04,1.0330E-04,9.6259E-05,9.6795E-05,9.1060E-05,8.8335E-05,8.7261E-05,8.5247E-05,8.5891E-05,8.9674E-05,9.8268E-05,1.0431E-04,1.0759E-04,1.0724E-04,1.0010E-04,9.0422E-05,8.0527E-05
Day105,8.1852E-05,7.9519E-05,7.9171E-05,8.2187E-05,8.5404E-05,8.9210E-05,9.7815E-05,1.0688E-04,1.1608E-04,1.1822E-04,1.2003E-04,1.1660E-04,1.1346E-04,1.1126E-04,1.0825E-04,1.0935E-04,1.1113E-04,1.1712E-04,1.2285E-04,1.2415E-04,1.2152E-04,1.1666E-04,1.0215E-04,8.7704E-05
Day106,7.6704E-05,7.1564E-05,6.9545E-05,7.0891E-05,7.2495E-05,7.5032E-05,8.3202E-05,9.5520E-05,1.0586E-04,1.0967E-04,1.1300E-04,1.1280E-04,1.1177E-04,1.1063E-04,1.0996E-04,1.1243E-04,1.1567E-04,1.2272E-04,1.2900E-04,1.3047E-04,1.2755E-04,1.2075E-04,1.0356E-04,8.6814E-05
Day107,6.6742E-05,5.9631E-05,5.7850E-05,6.0150E-05,6.7045E-05,7.5983E-05,9.1535E-05,9.5507E-05,9.2981E-05,8.8695E-05,9.0757E-05,8.9700E-05,8.9360E-05,9.0407E-05,9.0056E-05,9.1927E-05,9.7707E-05,1.0772E-04,1.1510E-04,1.1793E-04,1.1599E-04,1.0513E-04,9.1390E-05,7.7502E-05
Day108,6.6822E-05,6.0346E-05,5.8401E-05,6.0789E-05,6.8154E-05,7.7400E-05,9.3040E-05,9.5904E-05,9.2931E-05,8.8518E-05,9.0460E-05,8.9622E-05,8.9407E-05,9.0497E-05,9.0340E-05,9.2372E-05,9.7413E-05,1.0678E-04,1.1330E-04,1.1590E-04,1.1401E-04,1.0311E-04,8.9640E-05,7.6320E-05
Day109,6.5552E-05,5.9795E-05,5.8209E-05,6.0782E-05,6.8055E-05,7.7256E-05,9.3196E-05,9.5115E-05,9.1768E-05,8.6844E-05,8.8275E-05,8.6491E-05,8.5356E-05,8.5842E-05,8.5022E-05,8.6855E-05,9.2015E-05,1.0166E-04,1.0870E-04,1.1178E-04,1.1091E-04,1.0053E-04,8.7771E-05,7.4961E-05
Day110,6.4878E-05,5.8813E-05,5.7270E-05,5.9842E-05,6.7247E-05,7.6326E-05,9.2124E-05,9.4531E-05,9.1361E-05,8.6737E-05,8.8358E-05,8.6793E-05,8.6043E-05,8.6842E-05,8.6157E-05,8.8159E-05,9.3379E-05,1.0305E-04,1.0988E-04,1.1287E-04,1.1202E-04,1.0176E-04,8.8645E-05,7.5255E-05
Day111,6.5161E-05,5.8520E-05,5.6249E-05,5.8226E-05,6.4949E-05,7.3757E-05,8.9868E-05,9.4022E-05,9.1777E-05,8.7863E-05,8.9831E-05,8.8411E-05,8.7308E-05,8.7568E-05,8.6167E-05,8.7006E-05,9.1345E-05,9.9877E-05,1.0586E-04,1.0799E-04,1.0734E-04,9.8852E-05,8.7424E-05,7.5397E-05
Day112,7.4150E-05,6.9098E-05,6.6396E-05,6.7887E-05,7.0162E-05,7.3545E-05,8.2126E-05,9.6570E-05,1.0822E-04,1.1238E-04,1.1486E-04,1.1390E-04,1.1160E-04,1.1001E-04,1.0779E-04,1.0950E-04,1.1181E-04,1.1818E-04,1.2367E-04,1.2361E-04,1.2071E-04,1.1578E-04,1.0095E-04,8.6330E-05
Day113,7.5748E-05,7.0657E-05,6.8439E-05,6.9626E-05,7.1272E-05,7.3534E-05,8.1937E-05,9.4685E-05,1.0526E-04,1.0870E-04,1.1172E-04,1.1138E-04,1.1019E-04,1.0952E-04,1.0810E-04,1.1084E-04,1.1410E-04,1.2151E-04,1.2735E-04,1.2848E-04,1.2533E-04,1.1910E-04,1.0290E-04,8.7927E-05
Day114,7.0793E-05,6.5786E-05,6.5565E-05,6.9345E-05,7.8057E-05,8.7569E-05,1.0318E-04,1.0334E-04,9.9668E-05,9.3991E-05,9.4859E-05,9.0513E-05,8.7868E-05,8.6953E-05,8.5133E-05,8.6409E-05,9.1437E-05,1.0198E-04,1.0927E-04,1.1275E-04,1.1204E-04,1.0272E-04,9.1229E-05,8.0085E-05
Day115,7.2160E-05,6.8543E-05,6.8735E-05,7.2940E-05,8.2097E-05,9.1553E-05,1.0646E-04,1.0397E-04,9.7870E-05,9.0695E-05,9.0801E-05,8.6815E-05,8.4740E-05,8.4467E-05,8.3458E-05,8.5296E-05,9.0570E-05,1.0074E-04,1.0783E-04,1.1152E-04,1.1120E-04,1.0122E-04,8.8858E-05,7.6691E-05
Day116,6.7707E-05,6.2419E-05,6.1280E-05,6.4255E-05,7.2008E-05,8.1035E-05,9.6685E-05,9.8344E-05,9.4251E-05,8.8983E-05,9.0545E-05,8.9115E-05,8.8862E-05,9.0268E-05,9.0445E-05,9.2982E-05,9.8930E-05,1.0883E-04,1.1539E-04,1.1826E-04,1.1685E-04,1.0575E-04,9.2057E-05,7.8351E-05
Day117,6.8207E-05,6.1496E-05,5.9182E-05,6.1089E-05,6.7772E-05,7.6414E-05,9.2509E-05,9.7057E-05,9.5025E-05,9.1250E-05,9.3859E-05,9.3062E-05,9.3246E-05,9.4913E-05,9.5060E-05,9.7170E-05,1.0224E-04,1.1132E-04,1.1748E-04,1.2004E-04,1.1866E-04,1.0797E-04,9.4167E-05,8.0446E-05
Day118,7.0759E-05,6.4602E-05,6.2705E-05,6.5090E-05,7.2189E-05,8.0738E-05,9.6677E-05,1.0054E-04,9.7918E-05,9.4008E-05,9.6866E-05,9.5237E-05,9.4947E-05,9.5970E-05,9.5394E-05,9.7109E-05,1.0143E-04,1.0966E-04,1.1425E-04,1.1588E-04,1.1532E-04,1.0723E-04,9.5967E-05,8.4451E-05
Day119,8.4906E-05,8.0708E-05,7.8501E-05,8.0004E-05,8.2528E-05,8.5137E-05,9.3805E-05,1.0711E-04,1.1897E-04,1.2371E-04,1.2811E-04,1.2744E-04,1.2622E-04,1.2553E-04,1.2373E-04,1.2525E-04,1.2667E-04,1.3172E-04,1.3475E-04,1.3383E-04,1.3038E-04,1.2502E-04,1.1023E-04,9.5291E-05
Day120,8.2875E-05,7.6983E-05,7.4225E-05,7.4992E-05,7.5938E-05,7.7550E-05,8.5472E-05,9.9105E-05,1.1025E-04,1.1475E-04,1.1921E-04,1.2070E-04,1.2077E-04,1.2149E-04,1.2087E-04,1.2367E-04,1.2668E-04,1.3291E-04,1.3730E-04,1.3706E-04,1.3337E-04,1.2605E-04,1.0794E-04,9.0592E-05
Day121,6.9851E-05,6.2418E-05,6.0354E-05,6.2394E-05,6.9081E-05,7.8124E-05,9.4300E-05,9.9830E-05,9.8292E-05,9.5430E-05,9.9225E-05,9.9579E-05,1.0036E-04,1.0212E-04,1.0220E-04,1.0442E-04,1.0994E-04,1.1949E-04,1.2541E-04,1.2716E-04,1.2460E-04,1.1276E-04,9.7953E-05,8.3173E-05
Day122,7.0363E-05,6.2861E-05,5.9356E-05,5.9784E-05,6.6057E-05,7.4673E-05,9.1478E-05,9.6480E-05,9.4313E-05,9.1706E-05,9.6669E-05,9.9486E-05,1.0152E-04,1.0325E-04,1.0508E-04,1.0824E-04,1.1449E-04,1.2276E-04,1.2831E-04,1.2975E-04,1.2663E-04,1.1774E-04,1.0000E-04,8.4404E-05
Day123,7.2198E-05,6.4404E-05,6.0425E-05,6.0646E-05,6.6608E-05,7.5244E-05,9.1856E-05,9.8361E-05,9.6952E-05,9.4757E-05,1.0022E-04,1.0355E-04,1.0578E-04,1.0789E-04,1.1024E-04,1.1389E-04,1.2044E-04,1.2856E-04,1.3374E-04,1.3429E-04,1.3070E-04,1.2159E-04,1.0326E-04,8.7025E-05
Day124,7.4267E-05,6.5936E-05,6.1606E-05,6.1470E-05,6.7262E-05,7.5682E-05,9.2337E-05,9.9146E-05,9.7613E-05,9.5721E-05,1.0153E-04,1.0549E-04,1.0837E-04,1.1104E-04,1.1356E-04,1.1702E-04,1.2337E-04,1.3156E-04,1.3656E-04,1.3717E-04,1.3351E-04,1.2436E-04,1.0582E-04,8.9079E-05
Day125,7.5615E-05,6.6941E-05,6.2330E-05,6.2018E-05,6.7404E-05,7.5425E-05,9.1746E-05,9.8879E-05,9.7426E-05,9.5611E-05,1.0135E-04,1.0543E-04,1.0826E-04,1.1103E-04,1.1385E-04,1.1741E-04,1.2346E-04,1.3020E-04,1.3356E-04,1.3281E-04,1.2924E-04,1.2142E-04,1.0436E-04,8.9013E-05
Day126,8.6847E-05,7.5652E-05,7.1219E-05,6.9969E-05,7.0277E-05,7.1967E-05,8.1987E-05,9.9480E-05,1.1124E-04,1.2187E-04,1.2765E-04,1.3159E-04,1.3435E-04,1.3709E-04,1.3739E-04,1.4109E-04,1.4393E-04,1.4739E-04,1.4767E-04,1.4312E-04,1.3916E-04,1.3270E-04,1.1767E-04,9.9656E-05
Day127,8.6221E-05,7.4208E-05,6.9767E-05,6.8276E-05,6.7935E-05,6.8820E-05,7.8171E-05,9.4711E-05,1.0498E-04,1.1441E-04,1.1957E-04,1.2383E-04,1.2662E-04,1.2919E-04,1.2942E-04,1.3331E-04,1.3703E-04,1.4154E-04,1.4307E-04,1.4014E-04,1.3677E-04,1.2954E-04,1.1285E-04,9.3591E-05
Day128,6.9825E-05,6.1078E-05,5.7450E-05,5.7705E-05,6.3566E-05,7.1978E-05,8.8609E-05,9.5654E-05,9.3746E-05,9.1388E-05,9.6131E-05,9.9263E-05,1.0130E-04,1.0280E-04,1.0407E-04,1.0600E-04,1.1113E-04,1.1825E-04,1.2356E-04,1.2412E-04,1.2062E-04,1.1193E-04,9.4848E-05,7.9806E-05
Day129,6.7653E-05,6.0019E-05,5.6176E-05,5.6222E-05,6.1887E-05,7.0013E-05,8.6490E-05,9.3092E-05,9.0554E-05,8.7411E-05,9.1185E-05,9.3525E-05,9.4574E-05,9.5154E-05,9.5970E-05,9.8105E-05,1.0357E-04,1.1122E-04,1.1770E-04,1.1936E-04,1.1703E-04,1.0930E-04,9.2732E-05,7.7887E-05
Day130,6.6516E-05,5.9131E-05,5.5514E-05,5.5760E-05,6.1601E-05,6.9739E-05,8.6198E-05,9.2858E-05,9.0195E-05,8.6745E-05,9.0392E-05,9.2298E-05,9.2897E-05,9.3332E-05,9.4258E-05,9.6865E-05,1.0259E-04,1.1058E-04,1.1611E-04,1.1735E-04,1.1536E-04,1.0787E-04,9.1501E-05,7.6914E-05
Day131,6.5075E-05,5.8256E-05,5.5060E-05,5.5625E-05,6.1591E-05,6.9640E-05,8.5799E-05,9.1205E-05,8.8385E-05,8.4524E-05,8.7633E-05,8.8575E-05,8.8785E-05,8.9022E-05,8.9478E-05,9.1778E-05,9.7321E-05,1.0480E-04,1.1059E-04,1.1263E-04,1.1165E-04,1.0540E-04,8.9757E-05,7.5711E-05
Day132,6.5056E-05,5.8562E-05,5.5711E-05,5.6601E-05,6.2898E-05,7.1033E-05,8.7214E-05,9.1359E-05,8.8109E-05,8.3965E-05,8.6696E-05,8.7410E-05,8.7437E-05,8.7535E-05,8.7973E-05,8.9904E-05,9.4841E-05,1.0158E-04,1.0672E-04,1.0808E-04,1.0710E-04,1.0245E-04,8.8420E-05,7.5721E-05
Day133,7.5240E-05,6.5955E-05,6.2880E-05,6.2915E-05,6.4196E-05,6.6520E-05,7.6117E-05,9.0713E-05,9.9680E-05,1.0692E-04,1.0861E-04,1.0906E-04,1.0830E-04,1.0825E-04,1.0631E-04,1.0894E-04,1.1199E-04,1.1690E-04,1.2039E-04,1.1876E-04,1.1817E-04,1.1503E-04,1.0239E-04,8.5652E-05
Day134,7.4286E-05,6.3291E-05,5.9587E-05,5.8681E-05,5.8659E-05,5.9940E-05,6.9147E-05,8.4954E-05,9.3949E-05,1.0131E-04,1.0313E-04,1.0470E-04,1.0506E-04,1.0600E-04,1.0526E-04,1.0895E-04,1.1319E-04,1.1912E-04,1.2313E-04,1.2224E-04,1.2207E-04,1.1771E-04,1.0337E-04,8.5707E-05
Day135,6.3452E-05,5.5375E-05,5.1919E-05,5.2113E-05,5.7839E-05,6.5871E-05,8.2407E-05,9.0344E-05,8.8804E-05,8.6095E-05,8.9883E-05,9.3044E-05,9.4358E-05,9.5289E-05,9.6735E-05,9.9597E-05,1.0592E-04,1.1425E-04,1.2019E-04,1.2110E-04,1.1878E-04,1.1084E-04,9.3791E-05,7.8337E-05
Day136,6.6292E-05,5.8294E-05,5.4070E-05,5.3701E-05,5.8996E-05,6.6749E-05,8.3043E-05,9.1767E-05,9.0061E-05,8.7670E-05,9.1949E-05,9.5766E-05,9.7878E-05,9.9970E-05,1.0214E-04,1.0581E-04,1.1260E-04,1.2103E-04,1.2634E-04,1.2640E-04,1.2341E-04,1.1482E-04,9.6842E-05,8.0766E-05
Day137,6.8156E-05,5.9577E-05,5.5041E-05,5.4306E-05,5.9266E-05,6.6727E-05,8.2888E-05,9.1906E-05,9.0338E-05,8.8067E-05,9.3045E-05,9.7284E-05,9.9820E-05,1.0251E-04,1.0553E-04,1.0968E-04,1.1680E-04,1.2519E-04,1.2998E-04,1.2889E-04,1.2525E-04,1.1644E-04,9.8134E-05,8.1604E-05
Day138,6.8222E-05,5.9983E-05,5.5570E-05,5.5094E-05,5.9988E-05,6.7414E-05,8.3778E-05,9.2224E-05,9.0559E-05,8.8542E-05,9.3727E-05,9.7644E-05,1.0019E-04,1.0225E-04,1.0456E-04,1.0810E-04,1.1454E-04,1.2223E-04,1.2674E-04,1.2610E-04,1.2319E-04,1.1509E-04,9.7524E-05,8.1464E-05
Day139,6.8809E-05,6.0643E-05,5.6374E-05,5.6051E-05,6.0908E-05,6.8189E-05,8.4686E-05,9.3154E-05,9.2106E-05,9.0228E-05,9.5515E-05,9.9048E-05,1.0088E-04,1.0270E-04,1.0462E-04,1.0771E-04,1.1347E-04,1.2012E-04,1.2353E-04,1.2235E-04,1.1976E-04,1.1335E-04,9.7329E-05,8.2693E-05
Day140,8.0748E-05,6.9447E-05,6.4781E-05,6.3446E-05,6.3346E-05,6.4990E-05,7.4764E-05,9.3783E-05,1.0526E-04,1.1540E-04,1.2000E-04,1.2383E-04,1.2590E-04,1.2841E-04,1.2886E-04,1.3328E-04,1.3738E-04,1.4186E-04,1.4285E-04,1.3775E-04,1.3411E-04,1.2850E-04,1.1338E-04,9.4805E-05
Day141,8.1517E-05,6.8646E-05,6.3713E-05,6.1800E-05,6.0736E-05,6.1187E-05,7.0203E-05,8.9669E-05,1.0147E-04,1.1205E-04,1.1790E-04,1.2385E-04,1.2759E-04,1.3145E-04,1.3292E-04,1.3814E-04,1.4303E-04,1.4812E-04,1.4907E-04,1.4419E-04,1.4012E-04,1.3265E-04,1.1521E-04,9.4576E-05
Day142,6.9523E-05,5.9913E-05,5.5516E-05,5.5087E-05,6.0078E-05,6.7540E-05,8.4483E-05,9.4278E-05,9.3879E-05,9.2612E-05,9.8519E-05,1.0348E-04,1.0660E-04,1.0911E-04,1.1177E-04,1.1509E-04,1.2141E-04,1.2916E-04,1.3361E-04,1.3229E-04,1.2811E-04,1.1907E-04,1.0049E-04,8.3956E-05
Day143,7.1006E-05,6.2289E-05,5.7593E-05,5.6747E-05,6.1511E-05,6.8706E-05,8.5337E-05,9.4816E-05,9.3890E-05,9.2136E-05,9.7918E-05,1.0250E-04,1.0551E-04,1.0823E-04,1.1101E-04,1.1480E-04,1.2167E-04,1.2991E-04,1.3432E-04,1.3276E-04,1.2916E-04,1.2053E-04,1.0214E-04,8.5502E-05
Day144,7.2314E-05,6.3511E-05,5.8659E-05,5.7864E-05,6.2768E-05,6.9838E-05,8.6046E-05,9.5678E-05,9.5221E-05,9.4092E-05,1.0038E-04,1.0564E-04,1.0951E-04,1.1309E-04,1.1651E-04,1.2098E-04,1.2837E-04,1.3657E-04,1.4033E-04,1.3848E-04,1.3434E-04,1.2550E-04,1.0669E-04,8.9476E-05
Day145,7.5674E-05,6.6550E-05,6.1516E-05,6.0717E-05,6.5552E-05,7.2817E-05,8.9554E-05,9.9773E-05,9.9628E-05,9.8747E-05,1.0578E-04,1.1132E-04,1.1535E-04,1.1898E-04,1.2262E-04,1.2712E-04,1.3422E-04,1.4215E-04,1.4589E-04,1.4422E-04,1.4015E-04,1.3152E-04,1.1237E-04,9.4458E-05
Day146,8.0263E-05,7.0786E-05,6.5384E-05,6.4365E-05,6.8884E-05,7.5802E-05,9.2899E-05,1.0286E-04,1.0391E-04,1.0403E-04,1.1172E-04,1.1729E-04,1.2130E-04,1.2467E-04,1.2752E-04,1.3136E-04,1.3778E-04,1.4498E-04,1.4745E-04,1.4444E-04,1.3955E-04,1.3174E-04,1.1386E-04,9.7370E-05
Day147,9.4338E-05,8.2083E-05,7.6526E-05,7.4477E-05,7.3526E-05,7.4113E-05,8.3553E-05,1.0325E-04,1.1707E-04,1.2982E-04,1.3817E-04,1.4369E-04,1.4748E-04,1.5091E-04,1.5196E-04,1.5663E-04,1.6024E-04,1.6437E-04,1.6414E-04,1.5742E-04,1.5228E-04,1.4543E-04,1.2931E-04,1.0917E-04
Day148,9.4222E-05,8.0876E-05,7.5392E-05,7.3088E-05,7.1773E-05,7.1973E-05,8.1804E-05,1.0125E-04,1.1473E-04,1.2725E-04,1.3540E-04,1.4190E-04,1.4633E-04,1.4998E-04,1.5083E-04,1.5523E-04,1.5930E-04,1.6358E-04,1.6305E-04,1.5644E-04,1.5177E-04,1.4504E-04,1.2889E-04,1.0797E-04
Day149,8.1974E-05,7.1024E-05,6.5022E-05,6.2831E-05,6.4415E-05,6.6726E-05,8.0232E-05,9.1168E-05,9.5548E-05,9.9379E-05,1.0927E-04,1.1579E-04,1.2023E-04,1.2363E-04,1.2708E-04,1.3211E-04,1.4002E-04,1.4932E-04,1.5333E-04,1.5127E-04,1.4649E-04,1.3689E-04,1.1721E-04,9.9029E-05
Day150,8.3644E-05,7.3508E-05,6.7715E-05,6.6307E-05,7.0613E-05,7.7462E-05,9.5177E-05,1.0695E-04,1.0812E-04,1.0854E-04,1.1650E-04,1.2226E-04,1.2619E-04,1.2924E-04,1.3241E-04,1.3673E-04,1.4347E-04,1.5188E-04,1.5577E-04,1.5237E-04,1.4648E-04,1.3685E-04,1.1693E-04,9.8413E-05
Day151,8.2560E-05,7.2126E-05,6.6341E-05,6.4834E-05,6.8807E-05,7.5095E-05,9.1850E-05,1.0246E-04,1.0231E-04,1.0171E-04,1.0864E-04,1.1399E-04,1.1778E-04,1.2077E-04,1.2394E-04,1.2826E-04,1.3506E-04,1.4319E-04,1.4674E-04,1.4381E-04,1.3852E-04,1.2969E-04,1.1062E-04,9.2684E-05
Day152,7.8308E-05,6.8611E-05,6.3310E-05,6.2155E-05,6.6246E-05,7.2646E-05,8.9323E-05,9.9567E-05,9.9168E-05,9.8196E-05,1.0475E-04,1.0944E-04,1.1241E-04,1.1434E-04,1.1613E-04,1.1932E-04,1.2677E-04,1.3371E-04,1.3833E-04,1.3670E-04,1.3258E-04,1.2465E-04,1.0371E-04,8.9309E-05
Day153,7.5261E-05,6.6434E-05,6.1317E-05,6.0282E-05,6.3704E-05,7.0235E-05,8.4443E-05,9.1065E-05,9.4456E-05,9.3703E-05,9.7915E-05,1.0203E-04,1.0378E-04,1.0568E-04,1.0656E-04,1.1050E-04,1.1343E-04,1.2203E-04,1.2479E-04,1.2069E-04,1.1653E-04,1.1042E-04,9.8065E-05,8.3790E-05
Day154,7.9191E-05,7.0615E-05,6.7382E-05,6.5789E-05,6.4817E-05,6.7013E-05,7.5928E-05,9.2320E-05,1.0498E-04,1.1597E-04,1.2155E-04,1.2366E-04,1.2654E-04,1.2885E-04,1.3171E-04,1.3439E-04,1.3665E-04,1.4297E-04,1.4325E-04,1.3688E-04,1.3107E-04,1.2533E-04,1.1323E-04,9.4489E-05
Day155,7.9741E-05,6.9646E-05,6.6121E-05,6.4089E-05,6.2402E-05,6.3838E-05,7.2414E-05,8.9617E-05,1.0281E-04,1.1443E-04,1.2155E-04,1.2606E-04,1.3121E-04,1.3537E-04,1.3923E-04,1.4285E-04,1.4613E-04,1.5350E-04,1.5385E-04,1.4804E-04,1.4156E-04,1.3421E-04,1.1986E-04,9.9063E-05
Day156,7.5522E-05,6.6097E-05,6.1284E-05,6.0487E-05,6.4236E-05,7.1248E-05,8.6254E-05,9.4466E-05,9.9401E-05,1.0012E-04,1.0603E-04,1.1164E-04,1.1488E-04,1.1818E-04,1.2040E-04,1.2548E-04,1.2960E-04,1.3925E-04,1.4211E-04,1.3705E-04,1.3129E-04,1.2256E-04,1.0749E-04,9.0762E-05
Day157,7.7511E-05,6.8835E-05,6.3905E-05,6.3030E-05,6.6778E-05,7.3467E-05,8.8152E-05,9.4800E-05,9.9248E-05,9.9784E-05,1.0535E-04,1.0981E-04,1.1200E-04,1.1385E-04,1.1443E-04,1.1838E-04,1.2146E-04,1.3054E-04,1.3339E-04,1.2932E-04,1.2479E-04,1.1769E-04,1.0360E-04,8.7689E-05
Day158,7.5055E-05,6.7008E-05,6.2388E-05,6.1795E-05,6.5723E-05,7.2334E-05,8.6514E-05,9.2395E-05,9.6295E-05,9.6288E-05,1.0126E-04,1.0559E-04,1.0769E-04,1.0959E-04,1.1006E-04,1.1387E-04,1.1706E-04,1.2627E-04,1.2946E-04,1.2530E-04,1.2090E-04,1.1435E-04,1.0075E-04,8.5137E-05
Day159,7.3045E-05,6.4901E-05,6.0197E-05,5.9585E-05,6.3383E-05,7.0045E-05,8.4108E-05,9.1061E-05,9.5040E-05,9.5229E-05,1.0029E-04,1.0505E-04,1.0747E-04,1.0984E-04,1.1125E-04,1.1590E-04,1.1957E-04,1.2900E-04,1.3239E-04,1.2828E-04,1.2359E-04,1.1663E-04,1.0248E-04,8.6360E-05
Day160,7.4021E-05,6.5365E-05,6.0329E-05,5.9283E-05,6.2560E-05,6.8836E-05,8.3043E-05,9.1488E-05,9.6477E-05,9.7340E-05,1.0320E-04,1.0925E-04,1.1283E-04,1.1640E-04,1.1874E-04,1.2407E-04,1.2871E-04,1.3799E-04,1.4033E-04,1.3414E-04,1.2794E-04,1.2062E-04,1.0632E-04,9.0218E-05
Day161,8.5115E-05,7.5110E-05,7.1019E-05,6.8985E-05,6.7715E-05,6.9877E-05,7.9102E-05,9.7939E-05,1.1278E-04,1.2605E-04,1.3451E-04,1.3914E-04,1.4394E-04,1.4761E-04,1.5122E-04,1.5443E-04,1.5734E-04,1.6436E-04,1.6487E-04,1.5714E-04,1.4920E-04,1.4201E-04,1.2795E-04,1.0688E-04
Day162,9.0203E-05,7.8603E-05,7.4049E-05,7.1439E-05,6.9247E-05,7.0546E-05,7.9622E-05,9.8962E-05,1.1396E-04,1.2675E-04,1.3556E-04,1.4115E-04,1.4677E-04,1.5103E-04,1.5524E-04,1.5914E-04,1.6306E-04,1.7115E-04,1.7128E-04,1.6412E-04,1.5635E-04,1.4860E-04,1.3316E-04,1.1042E-04
Day163,8.4586E-05,7.3503E-05,6.7683E-05,6.6407E-05,6.9654E-05,7.6235E-05,9.1384E-05,1.0113E-04,1.0711E-04,1.0922E-04,1.1656E-04,1.2331E-04,1.2745E-04,1.3144E-04,1.3397E-04,1.3915E-04,1.4373E-04,1.5371E-04,1.5602E-04,1.4996E-04,1.4314E-04,1.3404E-04,1.1777E-04,9.9362E-05
Day164,8.4561E-05,7.4064E-05,6.7719E-05,6.5790E-05,6.8418E-05,7.4699E-05,8.9326E-05,9.8522E-05,1.0349E-04,1.0476E-04,1.1104E-04,1.1751E-04,1.2150E-04,1.2474E-04,1.2654E-04,1.3143E-04,1.3542E-04,1.4519E-04,1.4800E-04,1.4213E-04,1.3517E-04,1.2629E-04,1.1063E-04,9.2980E-05
Day165,7.8696E-05,6.9171E-05,6.3455E-05,6.1880E-05,6.4704E-05,7.1022E-05,8.5439E-05,9.4247E-05,9.9528E-05,1.0112E-04,1.0798E-04,1.1474E-04,1.1900E-04,1.2309E-04,1.2611E-04,1.3214E-04,1.3689E-04,1.4657E-04,1.4893E-04,1.4221E-04,1.3603E-04,1.2715E-04,1.1156E-04,9.3887E-05
Day166,8.0109E-05,7.0406E-05,6.4664E-05,6.3131E-05,6.6003E-05,7.2398E-05,8.7068E-05,9.6409E-05,1.0237E-04,1.0453E-04,1.1178E-04,1.1864E-04,1.2285E-04,1.2687E-04,1.2941E-04,1.3521E-04,1.3980E-04,1.4927E-04,1.5141E-04,1.4499E-04,1.3816E-04,1.2954E-04,1.1382E-04,9.5969E-05
Day167,8.1659E-05,7.1457E-05,6.5323E-05,6.3409E-05,6.5839E-05,7.1751E-05,8.5964E-05,9.5623E-05,1.0178E-04,1.0404E-04,1.1120E-04,1.1811E-04,1.2239E-04,1.2657E-04,1.2918E-04,1.3500E-04,1.3984E-04,1.4915E-04,1.5093E-04,1.4412E-04,1.3691E-04,1.2907E-04,1.1408E-04,9.7048E-05
Day168,9.0867E-05,7.9903E-05,7.5148E-05,7.2172E-05,7.0201E-05,7.1823E-05,8.1152E-05,1.0156E-04,1.1688E-04,1.3056E-04,1.3866E-04,1.4315E-04,1.4836E-04,1.5221E-04,1.5626E-04,1.5997E-04,1.6293E-04,1.6932E-04,1.6850E-04,1.5957E-04,1.5134E-04,1.4370E-04,1.2909E-04,1.0733E-04
Day169,8.9760E-05,7.7830E-05,7.2862E-05,6.9724E-05,6.7111E-05,6.8003E-05,7.6949E-05,9.7128E-05,1.1220E-04,1.2545E-04,1.3370E-04,1.3895E-04,1.4450E-04,1.4899E-04,1.5349E-04,1.5719E-04,1.6067E-04,1.6776E-04,1.6704E-04,1.5962E-04,1.5215E-04,1.4430E-04,1.2901E-04,1.0660E-04
Day170,8.1219E-05,7.0634E-05,6.4968E-05,6.3490E-05,6.6396E-05,7.2901E-05,8.8357E-05,9.9218E-05,1.0643E-04,1.0954E-04,1.1766E-04,1.2493E-04,1.2954E-04,1.3356E-04,1.3650E-04,1.4249E-04,1.4763E-04,1.5818E-04,1.6069E-04,1.5398E-04,1.4699E-04,1.3770E-04,1.2101E-04,1.0240E-04
Day171,8.8323E-05,7.7775E-05,7.1124E-05,6.8980E-05,7.1517E-05,7.7961E-05,9.3328E-05,1.0385E-04,1.1079E-04,1.1372E-04,1.2201E-04,1.2935E-04,1.3421E-04,1.3867E-04,1.4210E-04,1.4848E-04,1.5438E-04,1.6558E-04,1.6897E-04,1.6212E-04,1.5429E-04,1.4495E-04,1.2781E-04,1.0833E-04
Day172,9.3013E-05,8.1767E-05,7.4512E-05,7.2055E-05,7.4343E-05,8.0562E-05,9.5762E-05,1.0661E-04,1.1441E-04,1.1842E-04,1.2785E-04,1.3572E-04,1.4053E-04,1.4505E-04,1.4837E-04,1.5486E-04,1.6055E-04,1.7188E-04,1.7512E-04,1.6795E-04,1.5977E-04,1.5042E-04,1.3274E-04,1.1288E-04
Day173,9.6298E-05,8.4730E-05,7.7032E-05,7.4020E-05,7.5760E-05,8.1790E-05,9.6879E-05,1.0849E-04,1.1658E-04,1.2078E-04,1.3021E-04,1.3809E-04,1.4289E-04,1.4686E-04,1.4962E-04,1.5541E-04,1.6032E-04,1.7102E-04,1.7425E-04,1.6700E-04,1.5892E-04,1.4965E-04,1.3258E-04,1.1290E-04
Day174,9.6198E-05,8.4382E-05,7.6678E-05,7.3530E-05,7.4979E-05,8.0216E-05,9.5077E-05,1.0662E-04,1.1466E-04,1.1896E-04,1.2817E-04,1.3598E-04,1.4077E-04,1.4433E-04,1.4608E-04,1.5079E-04,1.5460E-04,1.6360E-04,1.6482E-04,1.5671E-04,1.4824E-04,1.3955E-04,1.2415E-04,1.0657E-04
Day175,9.9908E-05,8.8177E-05,8.2594E-05,7.9122E-05,7.6649E-05,7.7980E-05,8.7378E-05,1.0785E-04,1.2472E-04,1.4020E-04,1.5050E-04,1.5586E-04,1.6153E-04,1.6543E-04,1.6917E-04,1.7270E-04,1.7590E-04,1.8299E-04,1.8252E-04,1.7278E-04,1.6313E-04,1.5467E-04,1.3951E-04,1.1744E-04
Day176,9.9728E-05,8.6925E-05,8.1406E-05,7.7704E-05,7.4729E-05,7.5399E-05,8.4808E-05,1.0558E-04,1.2254E-04,1.3821E-04,1.4921E-04,1.5604E-04,1.6262E-04,1.6773E-04,1.7248E-04,1.7711E-04,1.8101E-04,1.8915E-04,1.8815E-04,1.7955E-04,1.7055E-04,1.6143E-04,1.4465E-04,1.2043E-04
Day177,9.2793E-05,8.0526E-05,7.3794E-05,7.1643E-05,7.4009E-05,7.9979E-05,9.5114E-05,1.0569E-04,1.1347E-04,1.1737E-04,1.2656E-04,1.3443E-04,1.3942E-04,1.4360E-04,1.4664E-04,1.5225E-04,1.5754E-04,1.6828E-04,1.7031E-04,1.6268E-04,1.5395E-04,1.4390E-04,1.2665E-04,1.0736E-04
Day178,9.0833E-05,7.9983E-05,7.3063E-05,7.0548E-05,7.2549E-05,7.8113E-05,9.2242E-05,1.0147E-04,1.0782E-04,1.1044E-04,1.1810E-04,1.2495E-04,1.2930E-04,1.3328E-04,1.3600E-04,1.4214E-04,1.4773E-04,1.5853E-04,1.6099E-04,1.5443E-04,1.4675E-04,1.3745E-04,1.2122E-04,1.0282E-04
Day179,8.8524E-05,7.7736E-05,7.1118E-05,6.8893E-05,7.1164E-05,7.6706E-05,9.0667E-05,1.0027E-04,1.0719E-04,1.1045E-04,1.1906E-04,1.2758E-04,1.3379E-04,1.3985E-04,1.4491E-04,1.5305E-04,1.5983E-04,1.7126E-04,1.7340E-04,1.6532E-04,1.5641E-04,1.4589E-04,1.2787E-04,1.0812E-04
Day180,9.3698E-05,8.2271E-05,7.4854E-05,7.2162E-05,7.4000E-05,7.9624E-05,9.4462E-05,1.0627E-04,1.1544E-04,1.2095E-04,1.3250E-04,1.4258E-04,1.4985E-04,1.5632E-04,1.6121E-04,1.6892E-04,1.7556E-04,1.8737E-04,1.8990E-04,1.8176E-04,1.7246E-04,1.6186E-04,1.4327E-04,1.2212E-04
Day181,1.0570E-04,9.3130E-05,8.4727E-05,8.1023E-05,8.2004E-05,8.6924E-05,1.0175E-04,1.1402E-04,1.2411E-04,1.3047E-04,1.4205E-04,1.5121E-04,1.5729E-04,1.6231E-04,1.6603E-04,1.7253E-04,1.7786E-04,1.8775E-04,1.8919E-04,1.8019E-04,1.7084E-04,1.6088E-04,1.4283E-04,1.2213E-04
Day182,1.1414E-04,1.0084E-04,9.3744E-05,8.8964E-05,8.5308E-05,8.5855E-05,9.5131E-05,1.1713E-04,1.3578E-04,1.5288E-04,1.6510E-04,1.7169E-04,1.7846E-04,1.8363E-04,1.8831E-04,1.9264E-04,1.9657E-04,2.0455E-04,2.0418E-04,1.9444E-04,1.8358E-04,1.7392E-04,1.5783E-04,1.3444E-04
Day183,1.1739E-04,1.0345E-04,9.5196E-05,8.9750E-05,8.5967E-05,8.5269E-05,9.2969E-05,1.1376E-04,1.3014E-04,1.4999E-04,1.6388E-04,1.7193E-04,1.7980E-04,1.8171E-04,1.8514E-04,1.9174E-04,1.9545E-04,2.0102E-04,1.9632E-04,1.8816E-04,1.8043E-04,1.6932E-04,1.5244E-04,1.2793E-04
Day184,1.0154E-04,8.9009E-05,8.1308E-05,7.7741E-05,7.8305E-05,8.1163E-05,9.4871E-05,1.0580E-04,1.1457E-04,1.2372E-04,1.3417E-04,1.4161E-04,1.4835E-04,1.5340E-04,1.5812E-04,1.6367E-04,1.6875E-04,1.7604E-04,1.7693E-04,1.7237E-04,1.6506E-04,1.5641E-04,1.4030E-04,1.2099E-04
Day185,1.0380E-04,9.1752E-05,8.3837E-05,7.9986E-05,8.0202E-05,8.2977E-05,9.6673E-05,1.0796E-04,1.1685E-04,1.2638E-04,1.3723E-04,1.4473E-04,1.5130E-04,1.5582E-04,1.5966E-04,1.6434E-04,1.6835E-04,1.7436E-04,1.7421E-04,1.6906E-04,1.6168E-04,1.5395E-04,1.3963E-04,1.2120E-04
Day186,1.0444E-04,9.2321E-05,8.3862E-05,7.8975E-05,7.7018E-05,7.6190E-05,8.7179E-05,9.7883E-05,1.0802E-04,1.1947E-04,1.3146E-04,1.3951E-04,1.4559E-04,1.4974E-04,1.5346E-04,1.5846E-04,1.6347E-04,1.6972E-04,1.6876E-04,1.6389E-04,1.5714E-04,1.4979E-04,1.3789E-04,1.2108E-04
Day187,1.0423E-04,9.2480E-05,8.4464E-05,8.0377E-05,8.0404E-05,8.2928E-05,9.7236E-05,1.0963E-04,1.1978E-04,1.3023E-04,1.4164E-04,1.4924E-04,1.5541E-04,1.5971E-04,1.6390E-04,1.6893E-04,1.7387E-04,1.8101E-04,1.8241E-04,1.7775E-04,1.7062E-04,1.6194E-04,1.4573E-04,1.2632E-04
Day188,1.0859E-04,9.6064E-05,8.7499E-05,8.2974E-05,8.2617E-05,8.4433E-05,9.7668E-05,1.0945E-04,1.1907E-04,1.2933E-04,1.4098E-04,1.4895E-04,1.5577E-04,1.6093E-04,1.6550E-04,1.7087E-04,1.7600E-04,1.8271E-04,1.8316E-04,1.7794E-04,1.7036E-04,1.6211E-04,1.4699E-04,1.2876E-04
Day189,1.2277E-04,1.0933E-04,1.0100E-04,9.5613E-05,9.2295E-05,9.2062E-05,9.9573E-05,1.2064E-04,1.3805E-04,1.5913E-04,1.7372E-04,1.8135E-04,1.8926E-04,1.9097E-04,1.9376E-04,1.9915E-04,2.0198E-04,2.0675E-04,2.0337E-04,1.9433E-04,1.8592E-04,1.7521E-04,1.5960E-04,1.3644E-04
Day190,1.2001E-04,1.0635E-04,9.8262E-05,9.2957E-05,8.9225E-05,8.8548E-05,9.5753E-05,1.1583E-04,1.3118E-04,1.5021E-04,1.6302E-04,1.7071E-04,1.7846E-04,1.8058E-04,1.8397E-04,1.9069E-04,1.9416E-04,1.9942E-04,1.9456E-04,1.8669E-04,1.7926E-04,1.6872E-04,1.5254E-04,1.2854E-04
Day191,1.0254E-04,9.0225E-05,8.2761E-05,7.9384E-05,8.0178E-05,8.3352E-05,9.7073E-05,1.0773E-04,1.1504E-04,1.2318E-04,1.3253E-04,1.3890E-04,1.4406E-04,1.4786E-04,1.5162E-04,1.5661E-04,1.6187E-04,1.6882E-04,1.6955E-04,1.6498E-04,1.5783E-04,1.4941E-04,1.3374E-04,1.1495E-04
Day192,9.8195E-05,8.6862E-05,7.9396E-05,7.5995E-05,7.6822E-05,7.9974E-05,9.3440E-05,1.0413E-04,1.1079E-04,1.1831E-04,1.2691E-04,1.3325E-04,1.3887E-04,1.4263E-04,1.4589E-04,1.5006E-04,1.5433E-04,1.6110E-04,1.6240E-04,1.5864E-04,1.5222E-04,1.4459E-04,1.2948E-04,1.1135E-04
Day193,9.5039E-05,8.3937E-05,7.6777E-05,7.3725E-05,7.4775E-05,7.8048E-05,9.1154E-05,1.0147E-04,1.0739E-04,1.1414E-04,1.2216E-04,1.2838E-04,1.3411E-04,1.3821E-04,1.4195E-04,1.4734E-04,1.5259E-04,1.5989E-04,1.6158E-04,1.5853E-04,1.5268E-04,1.4485E-04,1.2977E-04,1.1127E-04
Day194,9.4525E-05,8.3444E-05,7.6171E-05,7.3045E-05,7.4304E-05,7.7665E-05,9.0822E-05,1.0132E-04,1.0766E-04,1.1466E-04,1.2262E-04,1.2863E-04,1.3418E-04,1.3845E-04,1.4257E-04,1.4788E-04,1.5312E-04,1.6031E-04,1.6219E-04,1.5888E-04,1.5346E-04,1.4610E-04,1.3126E-04,1.1290E-04
Day195,9.5977E-05,8.4681E-05,7.7411E-05,7.4024E-05,7.4908E-05,7.8076E-05,9.1422E-05,1.0234E-04,1.0891E-04,1.1589E-04,1.2416E-04,1.3045E-04,1.3606E-04,1.3994E-04,1.4357E-04,1.4778E-04,1.5180E-04,1.5735E-04,1.5787E-04,1.5422E-04,1.4901E-04,1.4262E-04,1.2940E-04,1.1285E-04
Day196,1.0690E-04,9.4982E-05,8.7868E-05,8.3838E-05,8.1693E-05,8.2532E-05,8.9768E-05,1.0989E-04,1.2443E-04,1.4244E-04,1.5359E-04,1.5954E-04,1.6589E-04,1.6632E-04,1.6910E-04,1.7528E-04,1.7856E-04,1.8400E-04,1.8140E-04,1.7351E-04,1.6698E-04,1.5781E-04,1.4351E-04,1.2145E-04
Day197,1.0662E-04,9.4004E-05,8.6676E-05,8.2186E-05,7.9377E-05,7.9610E-05,8.7156E-05,1.0744E-04,1.2251E-04,1.4089E-04,1.5341E-04,1.6107E-04,1.6911E-04,1.7122E-04,1.7470E-04,1.8122E-04,1.8511E-04,1.9084E-04,1.8695E-04,1.7962E-04,1.7296E-04,1.6322E-04,1.4650E-04,1.2290E-04
Day198,9.7564E-05,8.5867E-05,7.8794E-05,7.5661E-05,7.6961E-05,8.0672E-05,9.5112E-05,1.0717E-04,1.1647E-04,1.2586E-04,1.3613E-04,1.4328E-04,1.4916E-04,1.5341E-04,1.5739E-04,1.6201E-04,1.6688E-04,1.7415E-04,1.7569E-04,1.7154E-04,1.6470E-04,1.5636E-04,1.4060E-04,1.2154E-04
Day199,1.0445E-04,9.2900E-05,8.4901E-05,8.1068E-05,8.1894E-05,8.5236E-05,9.9348E-05,1.1106E-04,1.2012E-04,1.2960E-04,1.4023E-04,1.4744E-04,1.5311E-04,1.5673E-04,1.6002E-04,1.6458E-04,1.7007E-04,1.7793E-04,1.7980E-04,1.7621E-04,1.6954E-04,1.6100E-04,1.4483E-04,1.2557E-04
Day200,1.0854E-04,9.6618E-05,8.8510E-05,8.4563E-05,8.5174E-05,8.8346E-05,1.0228E-04,1.1339E-04,1.2183E-04,1.3097E-04,1.4171E-04,1.4922E-04,1.5565E-04,1.6018E-04,1.6350E-04,1.6674E-04,1.6977E-04,1.7536E-04,1.7632E-04,1.7225E-04,1.6561E-04,1.5705E-04,1.4132E-04,1.2264E-04
Day201,1.0554E-04,9.3673E-05,8.5853E-05,8.2240E-05,8.2985E-05,8.6183E-05,9.9710E-05,1.1040E-04,1.1751E-04,1.2589E-04,1.3557E-04,1.4261E-04,1.4864E-04,1.5317E-04,1.5750E-04,1.6234E-04,1.6660E-04,1.7305E-04,1.7392E-04,1.6947E-04,1.6307E-04,1.5439E-04,1.3851E-04,1.1963E-04
Day202,1.0250E-04,9.0878E-05,8.3282E-05,7.9698E-05,8.0401E-05,8.3169E-05,9.6217E-05,1.0640E-04,1.1307E-04,1.2059E-04,1.2885E-04,1.3485E-04,1.4032E-04,1.4423E-04,1.4779E-04,1.5213E-04,1.5607E-04,1.6161E-04,1.6164E-04,1.5740E-04,1.5132E-04,1.4396E-04,1.2986E-04,1.1326E-04
Day203,1.0741E-04,9.5413E-05,8.8427E-05,8.4325E-05,8.2300E-05,8.2973E-05,8.9680E-05,1.0890E-04,1.2300E-04,1.4085E-04,1.5217E-04,1.5857E-04,1.6620E-04,1.6824E-04,1.7215E-04,1.7896E-04,1.8292E-04,1.8793E-04,1.8442E-04,1.7654E-04,1.6906E-04,1.5907E-04,1.4412E-04,1.2216E-04
Day204,1.0784E-04,9.5144E-05,8.7985E-05,8.3588E-05,8.0945E-05,8.0817E-05,8.7930E-05,1.0774E-04,1.2271E-04,1.4095E-04,1.5338E-04,1.6113E-04,1.6947E-04,1.7251E-04,1.7717E-04,1.8477E-04,1.9008E-04,1.9674E-04,1.9296E-04,1.8545E-04,1.7809E-04,1.6744E-04,1.5107E-04,1.2695E-04
Day205,1.0160E-04,8.9567E-05,8.2644E-05,7.9657E-05,8.0987E-05,8.4720E-05,9.8942E-05,1.1048E-04,1.1935E-04,1.2915E-04,1.4033E-04,1.4786E-04,1.5441E-04,1.5909E-04,1.6342E-04,1.6902E-04,1.7443E-04,1.8173E-04,1.8266E-04,1.7859E-04,1.7152E-04,1.6225E-04,1.4599E-04,1.2656E-04
Day206,1.0937E-04,9.7334E-05,8.9374E-05,8.5591E-05,8.6370E-05,8.9432E-05,1.0298E-04,1.1389E-04,1.2233E-04,1.3148E-04,1.4185E-04,1.4882E-04,1.5445E-04,1.5883E-04,1.6321E-04,1.6846E-04,1.7346E-04,1.8054E-04,1.8102E-04,1.7601E-04,1.6863E-04,1.5952E-04,1.4331E-04,1.2404E-04
Day207,1.0652E-04,9.4334E-05,8.6320E-05,8.2593E-05,8.3321E-05,8.6217E-05,9.9144E-05,1.0984E-04,1.1778E-04,1.2676E-04,1.3719E-04,1.4474E-04,1.5158E-04,1.5733E-04,1.6291E-04,1.6964E-04,1.7623E-04,1.8431E-04,1.8504E-04,1.8059E-04,1.7289E-04,1.6337E-04,1.4666E-04,1.2711E-04
Day208,1.1003E-04,9.7974E-05,8.9821E-05,8.5879E-05,8.6393E-05,8.9323E-05,1.0263E-04,1.1361E-04,1.2173E-04,1.3064E-04,1.4075E-04,1.4806E-04,1.5473E-04,1.6020E-04,1.6530E-04,1.7105E-04,1.7640E-04,1.8332E-04,1.8353E-04,1.7846E-04,1.7047E-04,1.6064E-04,1.4425E-04,1.2480E-04
Day209,1.0736E-04,9.5164E-05,8.7055E-05,8.3014E-05,8.3369E-05,8.5862E-05,9.8977E-05,1.0979E-04,1.1775E-04,1.2687E-04,1.3697E-04,1.4390E-04,1.5002E-04,1.5346E-04,1.5776E-04,1.6225E-04,1.6657E-04,1.7235E-04,1.7147E-04,1.6607E-04,1.5912E-04,1.5119E-04,1.3711E-04,1.1970E-04
Day210,1.1360E-04,1.0059E-04,9.2861E-05,8.8304E-05,8.5769E-05,8.6093E-05,9.2829E-05,1.1297E-04,1.2835E-04,1.4778E-04,1.6027E-04,1.6673E-04,1.7406E-04,1.7605E-04,1.7984E-04,1.8650E-04,1.8998E-04,1.9492E-04,1.9113E-04,1.8217E-04,1.7386E-04,1.6276E-04,1.4720E-04,1.2483E-04
Day211,1.0953E-04,9.6306E-05,8.8761E-05,8.3942E-05,8.0901E-05,8.0696E-05,8.7296E-05,1.0701E-04,1.2235E-04,1.4171E-04,1.5479E-04,1.6273E-04,1.7111E-04,1.7383E-04,1.7818E-04,1.8581E-04,1.9067E-04,1.9666E-04,1.9208E-04,1.8435E-04,1.7672E-04,1.6534E-04,1.4880E-04,1.2485E-04
Day212,9.9228E-05,8.7180E-05,8.0141E-05,7.7143E-05,7.8402E-05,8.1777E-05,9.4942E-05,1.0630E-04,1.1473E-04,1.2413E-04,1.3464E-04,1.4258E-04,1.4937E-04,1.5444E-04,1.5907E-04,1.6450E-04,1.6976E-04,1.7718E-04,1.7764E-04,1.7351E-04,1.6594E-04,1.5633E-04,1.4012E-04,1.2083E-04
Day213,1.0351E-04,9.1732E-05,8.3828E-05,8.0162E-05,8.1010E-05,8.4199E-05,9.6894E-05,1.0725E-04,1.1432E-04,1.2242E-04,1.3203E-04,1.3943E-04,1.4634E-04,1.5130E-04,1.5605E-04,1.6179E-04,1.6741E-04,1.7491E-04,1.7569E-04,1.7153E-04,1.6453E-04,1.5519E-04,1.3941E-04,1.2024E-04
Day214,1.0201E-04,8.9702E-05,8.2300E-05,7.8786E-05,8.0123E-05,8.4080E-05,9.7000E-05,1.0649E-04,1.1316E-04,1.2149E-04,1.3376E-04,1.4195E-04,1.4945E-04,1.5598E-04,1.6157E-04,1.6840E-04,1.7355E-04,1.8243E-04,1.8118E-04,1.7522E-04,1.6903E-04,1.5857E-04,1.4005E-04,1.2070E-04
Day215,1.0379E-04,9.1352E-05,8.3693E-05,7.9986E-05,8.1096E-05,8.4935E-05,9.7783E-05,1.0751E-04,1.1496E-04,1.2428E-04,1.3723E-04,1.4582E-04,1.5329E-04,1.5998E-04,1.6542E-04,1.7192E-04,1.7705E-04,1.8574E-04,1.8450E-04,1.7814E-04,1.7161E-04,1.6129E-04,1.4285E-04,1.2322E-04
Day216,1.0620E-04,9.3404E-05,8.5423E-05,8.1346E-05,8.2127E-05,8.5665E-05,9.8281E-05,1.0786E-04,1.1514E-04,1.2401E-04,1.3628E-04,1.4403E-04,1.5101E-04,1.5702E-04,1.6189E-04,1.6763E-04,1.7223E-04,1.8037E-04,1.7900E-04,1.7303E-04,1.6755E-04,1.5857E-04,1.4148E-04,1.2347E-04
Day217,1.1617E-04,1.0360E-04,9.6593E-05,9.2360E-05,8.9962E-05,9.0442E-05,9.9794E-05,1.1427E-04,1.3115E-04,1.4930E-04,1.6353E-04,1.7224E-04,1.8081E-04,1.8349E-04,1.8626E-04,1.9049E-04,1.9659E-04,2.0220E-04,1.9806E-04,1.9074E-04,1.8352E-04,1.7151E-04,1.5303E-04,1.3222E-04
Day218,1.1319E-04,9.9923E-05,9.3156E-05,8.8916E-05,8.6121E-05,8.5995E-05,9.5407E-05,1.0934E-04,1.2495E-04,1.4207E-04,1.5543E-04,1.6405E-04,1.7199E-04,1.7520E-04,1.7853E-04,1.8317E-04,1.9028E-04,1.9697E-04,1.9146E-04,1.8503E-04,1.7796E-04,1.6539E-04,1.4622E-04,1.2498E-04
Day219,9.8157E-05,8.5775E-05,7.9163E-05,7.6224E-05,7.7848E-05,8.2180E-05,9.5304E-05,1.0452E-04,1.1119E-04,1.1938E-04,1.3080E-04,1.3837E-04,1.4506E-04,1.5110E-04,1.5593E-04,1.6188E-04,1.6666E-04,1.7571E-04,1.7541E-04,1.6966E-04,1.6323E-04,1.5268E-04,1.3414E-04,1.1529E-04
Day220,9.9127E-05,8.7127E-05,7.9943E-05,7.6636E-05,7.8219E-05,8.2457E-05,9.5176E-05,1.0411E-04,1.1038E-04,1.1872E-04,1.3078E-04,1.3889E-04,1.4628E-04,1.5276E-04,1.5786E-04,1.6413E-04,1.6929E-04,1.7845E-04,1.7809E-04,1.7280E-04,1.6651E-04,1.5586E-04,1.3696E-04,1.1789E-04
Day221,1.0156E-04,8.9616E-05,8.2127E-05,7.8625E-05,8.0252E-05,8.4633E-05,9.7349E-05,1.0630E-04,1.1317E-04,1.2169E-04,1.3385E-04,1.4178E-04,1.4882E-04,1.5489E-04,1.6005E-04,1.6632E-04,1.7128E-04,1.7930E-04,1.7811E-04,1.7218E-04,1.6593E-04,1.5532E-04,1.3696E-04,1.1796E-04
Day222,1.0122E-04,8.9147E-05,8.1635E-05,7.8001E-05,7.9811E-05,8.4241E-05,9.7035E-05,1.0570E-04,1.1209E-04,1.2039E-04,1.3205E-04,1.3945E-04,1.4597E-04,1.5202E-04,1.5645E-04,1.6180E-04,1.6594E-04,1.7398E-04,1.7294E-04,1.6771E-04,1.6206E-04,1.5167E-04,1.3374E-04,1.1532E-04
Day223,9.8958E-05,8.7405E-05,8.0275E-05,7.6839E-05,7.8444E-05,8.2675E-05,9.5241E-05,1.0326E-04,1.0815E-04,1.1408E-04,1.2326E-04,1.2893E-04,1.3404E-04,1.3882E-04,1.4274E-04,1.4788E-04,1.5128E-04,1.5807E-04,1.5683E-04,1.5199E-04,1.4766E-04,1.3920E-04,1.2353E-04,1.0729E-04
Day224,1.0020E-04,8.8994E-05,8.3147E-05,7.9959E-05,7.8422E-05,7.9563E-05,8.8556E-05,1.0157E-04,1.1572E-04,1.3124E-04,1.4292E-04,1.5053E-04,1.5795E-04,1.6058E-04,1.6358E-04,1.6775E-04,1.7414E-04,1.7963E-04,1.7564E-04,1.6950E-04,1.6308E-04,1.5190E-04,1.3464E-04,1.1529E-04
Day225,9.7802E-05,8.5758E-05,8.0114E-05,7.6933E-05,7.4882E-05,7.5414E-05,8.4163E-05,9.6867E-05,1.1128E-04,1.2732E-04,1.3985E-04,1.4927E-04,1.5822E-04,1.6197E-04,1.6568E-04,1.7098E-04,1.7878E-04,1.8526E-04,1.8028E-04,1.7477E-04,1.6833E-04,1.5582E-04,1.3676E-04,1.1612E-04
Day226,9.0371E-05,7.8821E-05,7.2816E-05,7.0303E-05,7.2522E-05,7.7401E-05,9.0252E-05,9.8539E-05,1.0436E-04,1.1132E-04,1.2147E-04,1.2822E-04,1.3412E-04,1.3962E-04,1.4413E-04,1.5007E-04,1.5488E-04,1.6337E-04,1.6310E-04,1.5882E-04,1.5356E-04,1.4325E-04,1.2558E-04,1.0769E-04
Day227,9.2662E-05,8.1750E-05,7.5149E-05,7.2227E-05,7.4353E-05,7.9251E-05,9.2083E-05,1.0012E-04,1.0530E-04,1.1186E-04,1.2213E-04,1.2926E-04,1.3578E-04,1.4182E-04,1.4639E-04,1.5214E-04,1.5646E-04,1.6453E-04,1.6400E-04,1.5968E-04,1.5441E-04,1.4421E-04,1.2631E-04,1.0843E-04
Day228,9.2969E-05,8.1757E-05,7.5155E-05,7.2304E-05,7.4433E-05,7.9520E-05,9.2231E-05,1.0038E-04,1.0550E-04,1.1202E-04,1.2243E-04,1.2960E-04,1.3619E-04,1.4250E-04,1.4792E-04,1.5430E-04,1.5895E-04,1.6709E-04,1.6558E-04,1.6129E-04,1.5587E-04,1.4554E-04,1.2764E-04,1.1002E-04
Day229,9.4161E-05,8.3187E-05,7.6555E-05,7.3490E-05,7.5513E-05,8.0652E-05,9.3337E-05,1.0155E-04,1.0715E-04,1.1409E-04,1.2439E-04,1.3095E-04,1.3704E-04,1.4224E-04,1.4625E-04,1.5126E-04,1.5517E-04,1.6317E-04,1.6267E-04,1.5817E-04,1.5295E-04,1.4279E-04,1.2517E-04,1.0741E-04
Day230,9.1625E-05,8.0506E-05,7.4019E-05,7.1019E-05,7.2986E-05,7.7827E-05,9.0470E-05,9.8289E-05,1.0333E-04,1.0944E-04,1.1854E-04,1.2408E-04,1.2887E-04,1.3313E-04,1.3668E-04,1.4153E-04,1.4525E-04,1.5226E-04,1.5129E-04,1.4726E-04,1.4303E-04,1.3479E-04,1.1925E-04,1.0352E-04
Day231,9.6725E-05,8.6034E-05,8.0523E-05,7.7669E-05,7.6358E-05,7.7700E-05,8.6795E-05,9.8826E-05,1.1224E-04,1.2660E-04,1.3608E-04,1.4132E-04,1.4676E-04,1.4681E-04,1.4755E-04,1.5028E-04,1.5611E-04,1.6141E-04,1.5876E-04,1.5417E-04,1.4911E-04,1.3911E-04,1.2318E-04,1.0527E-04
Day232,8.9015E-05,7.8261E-05,7.3425E-05,7.0977E-05,6.9706E-05,7.0916E-05,7.9631E-05,9.0986E-05,1.0348E-04,1.1687E-04,1.2619E-04,1.3272E-04,1.3930E-04,1.4121E-04,1.4392E-04,1.4846E-04,1.5552E-04,1.6179E-04,1.5861E-04,1.5526E-04,1.5024E-04,1.3876E-04,1.2117E-04,1.0236E-04
Day233,7.9436E-05,6.9168E-05,6.4278E-05,6.2543E-05,6.5831E-05,7.1707E-05,8.4363E-05,9.1525E-05,9.6001E-05,1.0161E-04,1.1015E-04,1.1640E-04,1.2179E-04,1.2688E-04,1.3099E-04,1.3628E-04,1.4083E-04,1.4844E-04,1.4792E-04,1.4429E-04,1.3922E-04,1.2887E-04,1.1195E-04,9.5541E-05
Day234,8.1859E-05,7.2092E-05,6.6473E-05,6.4265E-05,6.7033E-05,7.2685E-05,8.5133E-05,9.1880E-05,9.5653E-05,1.0097E-04,1.0951E-04,1.1532E-04,1.2048E-04,1.2517E-04,1.2888E-04,1.3387E-04,1.3781E-04,1.4528E-04,1.4526E-04,1.4209E-04,1.3777E-04,1.2779E-04,1.1091E-04,9.4579E-05
Day235,8.0512E-05,7.0730E-05,6.5259E-05,6.3037E-05,6.5975E-05,7.1760E-05,8.4226E-05,9.1200E-05,9.5056E-05,1.0075E-04,1.0988E-04,1.1618E-04,1.2178E-04,1.2681E-04,1.3131E-04,1.3695E-04,1.4135E-04,1.4905E-04,1.4886E-04,1.4550E-04,1.4058E-04,1.3018E-04,1.1308E-04,9.6413E-05
Day236,8.2555E-05,7.2793E-05,6.7005E-05,6.4868E-05,6.7830E-05,7.3694E-05,8.6372E-05,9.3823E-05,9.8452E-05,1.0452E-04,1.1417E-04,1.2123E-04,1.2772E-04,1.3372E-04,1.3905E-04,1.4519E-04,1.4963E-04,1.5713E-04,1.5675E-04,1.5273E-04,1.4767E-04,1.3716E-04,1.1954E-04,1.0220E-04
Day237,8.7377E-05,7.6737E-05,7.0555E-05,6.8010E-05,7.0573E-05,7.6206E-05,8.9099E-05,9.6714E-05,1.0126E-04,1.0742E-04,1.1703E-04,1.2362E-04,1.2953E-04,1.3503E-04,1.3978E-04,1.4530E-04,1.4905E-04,1.5519E-04,1.5367E-04,1.4932E-04,1.4464E-04,1.3576E-04,1.1989E-04,1.0371E-04
Day238,9.6839E-05,8.5967E-05,8.0383E-05,7.7573E-05,7.6450E-05,7.8189E-05,8.7758E-05,1.0059E-04,1.1455E-04,1.3012E-04,1.4148E-04,1.4864E-04,1.5563E-04,1.5715E-04,1.5947E-04,1.6255E-04,1.6809E-04,1.7298E-04,1.6948E-04,1.6503E-04,1.5895E-04,1.4777E-04,1.3069E-04,1.1161E-04
Day239,9.4780E-05,8.3194E-05,7.7835E-05,7.4906E-05,7.3359E-05,7.4560E-05,8.3531E-05,9.6120E-05,1.1038E-04,1.2608E-04,1.3812E-04,1.4662E-04,1.5456E-04,1.5759E-04,1.6118E-04,1.6598E-04,1.7340E-04,1.7964E-04,1.7547E-04,1.7124E-04,1.6440E-04,1.5099E-04,1.3182E-04,1.1158E-04
Day240,8.6590E-05,7.5765E-05,7.0181E-05,6.8153E-05,7.1400E-05,7.8035E-05,9.1347E-05,9.9201E-05,1.0422E-04,1.1089E-04,1.2102E-04,1.2783E-04,1.3393E-04,1.3958E-04,1.4474E-04,1.5139E-04,1.5682E-04,1.6541E-04,1.6509E-04,1.6115E-04,1.5486E-04,1.4316E-04,1.2521E-04,1.0742E-04
Day241,9.2278E-05,8.1324E-05,7.4954E-05,7.2500E-05,7.5447E-05,8.1726E-05,9.4773E-05,1.0187E-04,1.0632E-04,1.1273E-04,1.2287E-04,1.2966E-04,1.3574E-04,1.4097E-04,1.4560E-04,1.5167E-04,1.5654E-04,1.6466E-04,1.6407E-04,1.5973E-04,1.5331E-04,1.4189E-04,1.2365E-04,1.0579E-04
Day242,9.0179E-05,7.9356E-05,7.3018E-05,7.0380E-05,7.3017E-05,7.9037E-05,9.1604E-05,9.8341E-05,1.0248E-04,1.0881E-04,1.1871E-04,1.2550E-04,1.3144E-04,1.3715E-04,1.4219E-04,1.4872E-04,1.5367E-04,1.6165E-04,1.6131E-04,1.5706E-04,1.5036E-04,1.3879E-04,1.2084E-04,1.0334E-04
Day243,8.8357E-05,7.7825E-05,7.1604E-05,6.9188E-05,7.1957E-05,7.7932E-05,9.0477E-05,9.7393E-05,1.0189E-04,1.0829E-04,1.1808E-04,1.2494E-04,1.3110E-04,1.3714E-04,1.4226E-04,1.4849E-04,1.5323E-04,1.6127E-04,1.6165E-04,1.5821E-04,1.5214E-04,1.4132E-04,1.2387E-04,1.0628E-04
Day244,9.1752E-05,8.0980E-05,7.4723E-05,7.2146E-05,7.4807E-05,8.0776E-05,9.3601E-05,1.0063E-04,1.0555E-04,1.1223E-04,1.2255E-04,1.2974E-04,1.3644E-04,1.4261E-04,1.4778E-04,1.5391E-04,1.5823E-04,1.6518E-04,1.6365E-04,1.5871E-04,1.5294E-04,1.4354E-04,1.2744E-04,1.1082E-04
Day245,1.0526E-04,9.3931E-05,8.8492E-05,8.4462E-05,8.2274E-05,8.3708E-05,8.9699E-05,1.0740E-04,1.2552E-04,1.3963E-04,1.5497E-04,1.6010E-04,1.6484E-04,1.7094E-04,1.7313E-04,1.7961E-04,1.8166E-04,1.8483E-04,1.8209E-04,1.7832E-04,1.6773E-04,1.5462E-04,1.3627E-04,1.1799E-04
Day246,1.0150E-04,8.9537E-05,8.4394E-05,8.0469E-05,7.8074E-05,7.9090E-05,8.5042E-05,1.0222E-04,1.1947E-04,1.3304E-04,1.4812E-04,1.5412E-04,1.5992E-04,1.6688E-04,1.6995E-04,1.7715E-04,1.7958E-04,1.8307E-04,1.7897E-04,1.7561E-04,1.6553E-04,1.5255E-04,1.3447E-04,1.1539E-04
Day247,8.7444E-05,7.6600E-05,7.0973E-05,6.7597E-05,6.7715E-05,7.1236E-05,8.3947E-05,9.3097E-05,9.7413E-05,1.0375E-04,1.1363E-04,1.2294E-04,1.2867E-04,1.3359E-04,1.3847E-04,1.4472E-04,1.5119E-04,1.5941E-04,1.6224E-04,1.6236E-04,1.5661E-04,1.3976E-04,1.1934E-04,1.0161E-04
Day248,8.7940E-05,7.9201E-05,7.3920E-05,7.1904E-05,7.5596E-05,8.5062E-05,1.0243E-04,1.1142E-04,1.1233E-04,1.1564E-04,1.2388E-04,1.3287E-04,1.3916E-04,1.4475E-04,1.5013E-04,1.5643E-04,1.6264E-04,1.7077E-04,1.7386E-04,1.7289E-04,1.6576E-04,1.4866E-04,1.2684E-04,1.0752E-04
Day249,9.2664E-05,8.3016E-05,7.7076E-05,7.4559E-05,7.7841E-05,8.6772E-05,1.0360E-04,1.1199E-04,1.1246E-04,1.1535E-04,1.2345E-04,1.3223E-04,1.3851E-04,1.4417E-04,1.4911E-04,1.5493E-04,1.6091E-04,1.6864E-04,1.7113E-04,1.6976E-04,1.6305E-04,1.4615E-04,1.2429E-04,1.0510E-04
Day250,9.0192E-05,8.0598E-05,7.4829E-05,7.2338E-05,7.5567E-05,8.4512E-05,1.0125E-04,1.0962E-04,1.1014E-04,1.1313E-04,1.2109E-04,1.2975E-04,1.3589E-04,1.4163E-04,1.4652E-04,1.5227E-04,1.5785E-04,1.6520E-04,1.6816E-04,1.6694E-04,1.6014E-04,1.4363E-04,1.2210E-04,1.0304E-04
Day251,8.8464E-05,7.9043E-05,7.3450E-05,7.1031E-05,7.4199E-05,8.2864E-05,9.9571E-05,1.0828E-04,1.0940E-04,1.1305E-04,1.2138E-04,1.3042E-04,1.3591E-04,1.4092E-04,1.4504E-04,1.4966E-04,1.5383E-04,1.5944E-04,1.6059E-04,1.5847E-04,1.5260E-04,1.3826E-04,1.1894E-04,1.0169E-04
Day252,9.7456E-05,8.6840E-05,8.2022E-05,7.8618E-05,7.7008E-05,7.9334E-05,8.5626E-05,1.0183E-04,1.1739E-04,1.2825E-04,1.4012E-04,1.4272E-04,1.4550E-04,1.4966E-04,1.5032E-04,1.5558E-04,1.5575E-04,1.5770E-04,1.5612E-04,1.5443E-04,1.4500E-04,1.3321E-04,1.1653E-04,9.9897E-05
Day253,8.3836E-05,7.3485E-05,6.9738E-05,6.6832E-05,6.5175E-05,6.6786E-05,7.2674E-05,8.7179E-05,1.0036E-04,1.0966E-04,1.2031E-04,1.2370E-04,1.2752E-04,1.3369E-04,1.3666E-04,1.4446E-04,1.4731E-04,1.5099E-04,1.4984E-04,1.4933E-04,1.3978E-04,1.2642E-04,1.0845E-04,9.1368E-05
Day254,6.7143E-05,5.9531E-05,5.6304E-05,5.5643E-05,5.9940E-05,6.9068E-05,8.5910E-05,9.2147E-05,9.0857E-05,9.1161E-05,9.5124E-05,1.0094E-04,1.0389E-04,1.0725E-04,1.1080E-04,1.1585E-04,1.2135E-04,1.2797E-04,1.3213E-04,1.3305E-04,1.2872E-04,1.1395E-04,9.5234E-05,7.9495E-05
Day255,6.8195E-05,6.1328E-05,5.7693E-05,5.6693E-05,6.0887E-05,7.0084E-05,8.6725E-05,9.2999E-05,9.1378E-05,9.1483E-05,9.5668E-05,1.0207E-04,1.0536E-04,1.0872E-04,1.1217E-04,1.1716E-04,1.2216E-04,1.2881E-04,1.3348E-04,1.3520E-04,1.3106E-04,1.1621E-04,9.7303E-05,8.1350E-05
Day256,7.0004E-05,6.3239E-05,5.9509E-05,5.8504E-05,6.2755E-05,7.2118E-05,8.8832E-05,9.5012E-05,9.3578E-05,9.3957E-05,9.8577E-05,1.0521E-04,1.0902E-04,1.1271E-04,1.1643E-04,1.2160E-04,1.2687E-04,1.3378E-04,1.3796E-04,1.3891E-04,1.3459E-04,1.1961E-04,1.0060E-04,8.4282E-05
Day257,7.2181E-05,6.5034E-05,6.1129E-05,5.9974E-05,6.4191E-05,7.3624E-05,9.0318E-05,9.6267E-05,9.4392E-05,9.4264E-05,9.8044E-05,1.0390E-04,1.0672E-04,1.0956E-04,1.1236E-04,1.1637E-04,1.2081E-04,1.2778E-04,1.3323E-04,1.3489E-04,1.3108E-04,1.1678E-04,9.8282E-05,8.2193E-05
Day258,7.0030E-05,6.2885E-05,5.9283E-05,5.7980E-05,6.1956E-05,7.0984E-05,8.7808E-05,9.3863E-05,9.2130E-05,9.2046E-05,9.5740E-05,1.0127E-04,1.0388E-04,1.0625E-04,1.0848E-04,1.1182E-04,1.1568E-04,1.2154E-04,1.2563E-04,1.2651E-04,1.2361E-04,1.1182E-04,9.5376E-05,8.1019E-05
Day259,7.9198E-05,7.1126E-05,6.7863E-05,6.5879E-05,6.5444E-05,6.8250E-05,7.4962E-05,8.8913E-05,1.0294E-04,1.1252E-04,1.2255E-04,1.2451E-04,1.2692E-04,1.3128E-04,1.3232E-04,1.3797E-04,1.3911E-04,1.4223E-04,1.4273E-04,1.4221E-04,1.3372E-04,1.2283E-04,1.0717E-04,9.2034E-05
Day260,7.8014E-05,6.8797E-05,6.5659E-05,6.3502E-05,6.2384E-05,6.4627E-05,7.0767E-05,8.4778E-05,9.8198E-05,1.0720E-04,1.1734E-04,1.1989E-04,1.2219E-04,1.2641E-04,1.2708E-04,1.3313E-04,1.3528E-04,1.4012E-04,1.4179E-04,1.4265E-04,1.3404E-04,1.2193E-04,1.0516E-04,8.9136E-05
Day261,6.5969E-05,5.8515E-05,5.5532E-05,5.5067E-05,5.9671E-05,6.9447E-05,8.6751E-05,9.2740E-05,9.0594E-05,8.9773E-05,9.2484E-05,9.7177E-05,9.9011E-05,1.0096E-04,1.0316E-04,1.0693E-04,1.1167E-04,1.1960E-04,1.2599E-04,1.2852E-04,1.2500E-04,1.1163E-04,9.4009E-05,7.9401E-05
Day262,6.9028E-05,6.2594E-05,5.9177E-05,5.8491E-05,6.3074E-05,7.2880E-05,9.0400E-05,9.6103E-05,9.3385E-05,9.1865E-05,9.4210E-05,9.7849E-05,9.8909E-05,1.0051E-04,1.0272E-04,1.0671E-04,1.1136E-04,1.1894E-04,1.2511E-04,1.2765E-04,1.2335E-04,1.0945E-04,9.2022E-05,7.7158E-05
Day263,6.5609E-05,5.9537E-05,5.6542E-05,5.5973E-05,6.0492E-05,6.9815E-05,8.6339E-05,9.0293E-05,8.7333E-05,8.6071E-05,8.8324E-05,9.2347E-05,9.4238E-05,9.6557E-05,9.9360E-05,1.0376E-04,1.0830E-04,1.1515E-04,1.2049E-04,1.2289E-04,1.1934E-04,1.0597E-04,8.8849E-05,7.4336E-05
Day264,6.4198E-05,5.8414E-05,5.5540E-05,5.5205E-05,5.9975E-05,6.9494E-05,8.6371E-05,9.0122E-05,8.7297E-05,8.6138E-05,8.9123E-05,9.3779E-05,9.6179E-05,9.9095E-05,1.0209E-04,1.0642E-04,1.1084E-04,1.1766E-04,1.2323E-04,1.2570E-04,1.2211E-04,1.0840E-04,9.0953E-05,7.6097E-05
Day265,6.5645E-05,5.9441E-05,5.6246E-05,5.5579E-05,5.9826E-05,6.8937E-05,8.5708E-05,9.0280E-05,8.7850E-05,8.7338E-05,9.0958E-05,9.6392E-05,9.9287E-05,1.0231E-04,1.0547E-04,1.0963E-04,1.1346E-04,1.1902E-04,1.2268E-04,1.2338E-04,1.1987E-04,1.0804E-04,9.2042E-05,7.8189E-05
Day266,7.7924E-05,7.0103E-05,6.7159E-05,6.5396E-05,6.5370E-05,6.8624E-05,7.5739E-05,8.8939E-05,1.0267E-04,1.1235E-04,1.2344E-04,1.2612E-04,1.2940E-04,1.3493E-04,1.3683E-04,1.4292E-04,1.4358E-04,1.4592E-04,1.4530E-04,1.4420E-04,1.3459E-04,1.2362E-04,1.0766E-04,9.2251E-05
Day267,7.8451E-05,6.9865E-05,6.7160E-05,6.5781E-05,6.5276E-05,6.7668E-05,7.4822E-05,8.6108E-05,9.8694E-05,1.0730E-04,1.1762E-04,1.1931E-04,1.2175E-04,1.2660E-04,1.2808E-04,1.3460E-04,1.3646E-04,1.4040E-04,1.4087E-04,1.4113E-04,1.3138E-04,1.1904E-04,1.0271E-04,8.7609E-05
Day268,6.5595E-05,5.9648E-05,5.7833E-05,5.8629E-05,6.4189E-05,7.4259E-05,9.1556E-05,9.3228E-05,9.0029E-05,8.8664E-05,9.1477E-05,9.4712E-05,9.6119E-05,9.7830E-05,9.9824E-05,1.0328E-04,1.0709E-04,1.1423E-04,1.2058E-04,1.2313E-04,1.1952E-04,1.0636E-04,8.9641E-05,7.5684E-05
Day269,6.5761E-05,6.0520E-05,5.8234E-05,5.8644E-05,6.4089E-05,7.3894E-05,9.0977E-05,9.2769E-05,8.9557E-05,8.8199E-05,9.1122E-05,9.5236E-05,9.7204E-05,9.9543E-05,1.0200E-04,1.0587E-04,1.0997E-04,1.1707E-04,1.2342E-04,1.2617E-04,1.2217E-04,1.0879E-04,9.1689E-05,7.7316E-05
Day270,6.7210E-05,6.1217E-05,5.8008E-05,5.7520E-05,6.2139E-05,7.1884E-05,8.8894E-05,9.3173E-05,9.0650E-05,9.0175E-05,9.3705E-05,9.9061E-05,1.0211E-04,1.0564E-04,1.0906E-04,1.1344E-04,1.1788E-04,1.2477E-04,1.3030E-04,1.3189E-04,1.2713E-04,1.1298E-04,9.5105E-05,7.9873E-05
Day271,6.8756E-05,6.2101E-05,5.8609E-05,5.7706E-05,6.2238E-05,7.2029E-05,8.9266E-05,9.4680E-05,9.2469E-05,9.2190E-05,9.6248E-05,1.0205E-04,1.0535E-04,1.0856E-04,1.1159E-04,1.1541E-04,1.1913E-04,1.2546E-04,1.3141E-04,1.3293E-04,1.2815E-04,1.1426E-04,9.6359E-05,8.0850E-05
Day272,6.9243E-05,6.2610E-05,5.9044E-05,5.8138E-05,6.2445E-05,7.1934E-05,8.8962E-05,9.4306E-05,9.2248E-05,9.1999E-05,9.5990E-05,1.0116E-04,1.0330E-04,1.0493E-04,1.0634E-04,1.0887E-04,1.1155E-04,1.1720E-04,1.2242E-04,1.2346E-04,1.1997E-04,1.0875E-04,9.3183E-05,7.9478E-05
Day273,7.8370E-05,7.0882E-05,6.8040E-05,6.6435E-05,6.6345E-05,6.9600E-05,7.7009E-05,8.9659E-05,1.0215E-04,1.0993E-04,1.1830E-04,1.1779E-04,1.1805E-04,1.2069E-04,1.2047E-04,1.2526E-04,1.2619E-04,1.3015E-04,1.3268E-04,1.3319E-04,1.2513E-04,1.1563E-04,1.0154E-04,8.7555E-05
Day274,7.4961E-05,6.6610E-05,6.4113E-05,6.2584E-05,6.2165E-05,6.4688E-05,7.2012E-05,8.3651E-05,9.5361E-05,1.0259E-04,1.1088E-04,1.1131E-04,1.1219E-04,1.1552E-04,1.1560E-04,1.2142E-04,1.2367E-04,1.2972E-04,1.3282E-04,1.3379E-04,1.2498E-04,1.1381E-04,9.8330E-05,8.3583E-05
Day275,6.3260E-05,5.5684E-05,5.4065E-05,5.4376E-05,6.0587E-05,6.9514E-05,8.8014E-05,9.3011E-05,9.0178E-05,8.7782E-05,8.9628E-05,9.1583E-05,9.2553E-05,9.3407E-05,9.6645E-05,1.0058E-04,1.0794E-04,1.1778E-04,1.2624E-04,1.2578E-04,1.1731E-04,1.0561E-04,9.0896E-05,7.5191E-05
Day276,6.5198E-05,5.8273E-05,5.6207E-05,5.5880E-05,6.2387E-05,7.1267E-05,8.9367E-05,9.4424E-05,9.1126E-05,8.8633E-05,9.0770E-05,9.3223E-05,9.4663E-05,9.6088E-05,9.9646E-05,1.0374E-04,1.1087E-04,1.2030E-04,1.2851E-04,1.2804E-04,1.1922E-04,1.0708E-04,9.2201E-05,7.6000E-05
Day277,6.5645E-05,5.8263E-05,5.5915E-05,5.5519E-05,6.1679E-05,7.0558E-05,8.8718E-05,9.4583E-05,9.1557E-05,8.9435E-05,9.1749E-05,9.4964E-05,9.7282E-05,9.9269E-05,1.0338E-04,1.0763E-04,1.1479E-04,1.2412E-04,1.3207E-04,1.3118E-04,1.2246E-04,1.1063E-04,9.5371E-05,7.8642E-05
Day278,6.7735E-05,6.0094E-05,5.7691E-05,5.7091E-05,6.3303E-05,7.2143E-05,9.0198E-05,9.6481E-05,9.3869E-05,9.2093E-05,9.5018E-05,9.8649E-05,1.0105E-04,1.0311E-04,1.0698E-04,1.1096E-04,1.1735E-04,1.2575E-04,1.3324E-04,1.3242E-04,1.2350E-04,1.1124E-04,9.5889E-05,7.9293E-05
Day279,6.8770E-05,6.1699E-05,5.9835E-05,5.9649E-05,6.6042E-05,7.4871E-05,9.2726E-05,9.7315E-05,9.4512E-05,9.2764E-05,9.5637E-05,9.8299E-05,1.0027E-04,1.0174E-04,1.0514E-04,1.0857E-04,1.1416E-04,1.2120E-04,1.2677E-04,1.2485E-04,1.1686E-04,1.0712E-04,9.4233E-05,7.9757E-05
Day280,8.0158E-05,7.5521E-05,7.4096E-05,7.3967E-05,7.6053E-05,8.0306E-05,8.8544E-05,9.8262E-05,1.1448E-04,1.2332E-04,1.2946E-04,1.3005E-04,1.2829E-04,1.2596E-04,1.2700E-04,1.3095E-04,1.3289E-04,1.3935E-04,1.4110E-04,1.3650E-04,1.2986E-04,1.1720E-04,1.0382E-04,9.1650E-05
Day281,8.0780E-05,7.6882E-05,7.7201E-05,7.8178E-05,8.0802E-05,8.4814E-05,9.3489E-05,9.8404E-05,1.1189E-04,1.1795E-04,1.2292E-04,1.2142E-04,1.1876E-04,1.1553E-04,1.1598E-04,1.2029E-04,1.2329E-04,1.3205E-04,1.3659E-04,1.3273E-04,1.2613E-04,1.1321E-04,1.0044E-04,8.9503E-05
Day282,7.2521E-05,6.9206E-05,7.0954E-05,7.4302E-05,8.3324E-05,9.3064E-05,1.1145E-04,1.0865E-04,1.0171E-04,9.5709E-05,9.5828E-05,9.1846E-05,8.9409E-05,8.7546E-05,8.8563E-05,9.1426E-05,9.8223E-05,1.0892E-04,1.1806E-04,1.1869E-04,1.1139E-04,1.0094E-04,8.9067E-05,7.6578E-05
Day283,7.0081E-05,6.7390E-05,6.8419E-05,7.1288E-05,8.0195E-05,8.9692E-05,1.0724E-04,1.0387E-04,9.7649E-05,9.2112E-05,9.1755E-05,8.9121E-05,8.7536E-05,8.6374E-05,8.8080E-05,9.1447E-05,9.8345E-05,1.0861E-04,1.1809E-04,1.1852E-04,1.1095E-04,1.0069E-04,8.7892E-05,7.4232E-05
Day284,6.6633E-05,6.2808E-05,6.3337E-05,6.5845E-05,7.4617E-05,8.4388E-05,1.0240E-04,1.0038E-04,9.5026E-05,9.0599E-05,9.1162E-05,8.9960E-05,8.9182E-05,8.8716E-05,9.0799E-05,9.3959E-05,1.0055E-04,1.1043E-04,1.1973E-04,1.2000E-04,1.1233E-04,1.0208E-04,8.9258E-05,7.5454E-05
Day285,6.8533E-05,6.4727E-05,6.5236E-05,6.7670E-05,7.6390E-05,8.6179E-05,1.0464E-04,1.0269E-04,9.6964E-05,9.2195E-05,9.2495E-05,9.1097E-05,9.0364E-05,9.0044E-05,9.2191E-05,9.5147E-05,1.0126E-04,1.1095E-04,1.2023E-04,1.2055E-04,1.1315E-04,1.0336E-04,9.0652E-05,7.6860E-05
Day286,7.0123E-05,6.6073E-05,6.6349E-05,6.8650E-05,7.7115E-05,8.6232E-05,1.0411E-04,1.0248E-04,9.7358E-05,9.2920E-05,9.3874E-05,9.2312E-05,9.1544E-05,9.0896E-05,9.2594E-05,9.5127E-05,1.0058E-04,1.0898E-04,1.1641E-04,1.1591E-04,1.0953E-04,1.0153E-04,9.0609E-05,7.8239E-05
Day287,8.0682E-05,7.7813E-05,7.7978E-05,7.9449E-05,8.2964E-05,8.7617E-05,9.6845E-05,1.0214E-04,1.1687E-04,1.2344E-04,1.2776E-04,1.2634E-04,1.2357E-04,1.2090E-04,1.2163E-04,1.2538E-04,1.2734E-04,1.3456E-04,1.3880E-04,1.3430E-04,1.2828E-04,1.1601E-04,1.0278E-04,9.0355E-05
Day288,7.6699E-05,7.1023E-05,6.9802E-05,6.9688E-05,7.1295E-05,7.4755E-05,8.2612E-05,9.0070E-05,1.0503E-04,1.1261E-04,1.1805E-04,1.1986E-04,1.1928E-04,1.1818E-04,1.2030E-04,1.2585E-04,1.2961E-04,1.3791E-04,1.4292E-04,1.3751E-04,1.2983E-04,1.1477E-04,9.8976E-05,8.4466E-05
Day289,6.2384E-05,5.4900E-05,5.3703E-05,5.4262E-05,6.1162E-05,7.0405E-05,8.9018E-05,9.2804E-05,8.9271E-05,8.6487E-05,8.8010E-05,8.9585E-05,9.0247E-05,9.0828E-05,9.3596E-05,9.6763E-05,1.0348E-04,1.1335E-04,1.2264E-04,1.2108E-04,1.1243E-04,1.0083E-04,8.6900E-05,7.1536E-05
Day290,6.1996E-05,5.6198E-05,5.5224E-05,5.6313E-05,6.3618E-05,7.3263E-05,9.2092E-05,9.3972E-05,8.9295E-05,8.5218E-05,8.5784E-05,8.5989E-05,8.5721E-05,8.5531E-05,8.7748E-05,9.0854E-05,9.7365E-05,1.0795E-04,1.1768E-04,1.1724E-04,1.0953E-04,9.9466E-05,8.6353E-05,7.1803E-05
Day291,6.3229E-05,5.7800E-05,5.7327E-05,5.8852E-05,6.6808E-05,7.6663E-05,9.5562E-05,9.6406E-05,9.1591E-05,8.7629E-05,8.8394E-05,8.8352E-05,8.8493E-05,8.8790E-05,9.1607E-05,9.5426E-05,1.0259E-04,1.1260E-04,1.2145E-04,1.2055E-04,1.1243E-04,1.0164E-04,8.8150E-05,7.3647E-05
Day292,6.4354E-05,5.9083E-05,5.8676E-05,6.0131E-05,6.7732E-05,7.7349E-05,9.6278E-05,9.6863E-05,9.1748E-05,8.7453E-05,8.8123E-05,8.7698E-05,8.7380E-05,8.7220E-05,8.9532E-05,9.2646E-05,9.9244E-05,1.0930E-04,1.1873E-04,1.1816E-04,1.1046E-04,1.0013E-04,8.6799E-05,7.2331E-05
Day293,6.3510E-05,5.8473E-05,5.8175E-05,5.9715E-05,6.7384E-05,7.6626E-05,9.4968E-05,9.5702E-05,9.1031E-05,8.6733E-05,8.7046E-05,8.6349E-05,8.5497E-05,8.5002E-05,8.7073E-05,8.9970E-05,9.6253E-05,1.0509E-04,1.1279E-04,1.1133E-04,1.0462E-04,9.6187E-05,8.4725E-05,7.1616E-05
Day294,7.2432E-05,6.9279E-05,6.9178E-05,7.0392E-05,7.3515E-05,7.8582E-05,8.7800E-05,9.4213E-05,1.0871E-04,1.1497E-04,1.1872E-04,1.1763E-04,1.1517E-04,1.1288E-04,1.1433E-04,1.1887E-04,1.2135E-04,1.2866E-04,1.3314E-04,1.2815E-04,1.2202E-04,1.0978E-04,9.6701E-05,8.4905E-05
Day295,7.3718E-05,6.9252E-05,6.9026E-05,7.0062E-05,7.2617E-05,7.7232E-05,8.6469E-05,9.2346E-05,1.0634E-04,1.1279E-04,1.1748E-04,1.1768E-04,1.1638E-04,1.1486E-04,1.1698E-04,1.2218E-04,1.2545E-04,1.3415E-04,1.3973E-04,1.3473E-04,1.2743E-04,1.1310E-04,9.8238E-05,8.4851E-05
Day296,6.3947E-05,5.7917E-05,5.8073E-05,6.0253E-05,6.8668E-05,7.8825E-05,9.8012E-05,9.8169E-05,9.3640E-05,8.9681E-05,9.0768E-05,9.0555E-05,9.0210E-05,8.9986E-05,9.2140E-05,9.5443E-05,1.0211E-04,1.1282E-04,1.2203E-04,1.2050E-04,1.1235E-04,1.0184E-04,8.8452E-05,7.3548E-05
Day297,6.4756E-05,5.9254E-05,5.8469E-05,5.9736E-05,6.7533E-05,7.7201E-05,9.6202E-05,9.7088E-05,9.2507E-05,8.8846E-05,8.9942E-05,9.0105E-05,9.0321E-05,9.0719E-05,9.3456E-05,9.7016E-05,1.0368E-04,1.1396E-04,1.2320E-04,1.2201E-04,1.1368E-04,1.0257E-04,8.8910E-05,7.4267E-05
Day298,6.5468E-05,5.9498E-05,5.8515E-05,5.9404E-05,6.6619E-05,7.6020E-05,9.4407E-05,9.6614E-05,9.2334E-05,8.9351E-05,9.0880E-05,9.2058E-05,9.3082E-05,9.4208E-05,9.7470E-05,1.0118E-04,1.0801E-04,1.1792E-04,1.2662E-04,1.2502E-04,1.1646E-04,1.0548E-04,9.1647E-05,7.6460E-05
Day299,6.7651E-05,6.1841E-05,6.0941E-05,6.1819E-05,6.9107E-05,7.8413E-05,9.6835E-05,9.8653E-05,9.3950E-05,9.0626E-05,9.1895E-05,9.2144E-05,9.2251E-05,9.2127E-05,9.4071E-05,9.6912E-05,1.0336E-04,1.1381E-04,1.2271E-04,1.2170E-04,1.1394E-04,1.0377E-04,9.0630E-05,7.5986E-05
Day300,6.7873E-05,6.3215E-05,6.3114E-05,6.4716E-05,7.2433E-05,8.1888E-05,1.0037E-04,1.0053E-04,9.6031E-05,9.2302E-05,9.2790E-05,9.0279E-05,8.8232E-05,8.6199E-05,8.6612E-05,8.8805E-05,9.4695E-05,1.0539E-04,1.1314E-04,1.1212E-04,1.0633E-04,9.9379E-05,8.9586E-05,7.8247E-05
Day301,8.2064E-05,8.0343E-05,8.1336E-05,8.3080E-05,8.6875E-05,9.1808E-05,1.0107E-04,1.0585E-04,1.1870E-04,1.2399E-04,1.2676E-04,1.2214E-04,1.1692E-04,1.1192E-04,1.1117E-04,1.1471E-04,1.1782E-04,1.2782E-04,1.3273E-04,1.2778E-04,1.2262E-04,1.1190E-04,1.0125E-04,9.1614E-05
Day302,8.4077E-05,8.1726E-05,8.3461E-05,8.5440E-05,8.8819E-05,9.3459E-05,1.0282E-04,1.0493E-04,1.1515E-04,1.1871E-04,1.2179E-04,1.1821E-04,1.1434E-04,1.1017E-04,1.1010E-04,1.1454E-04,1.1867E-04,1.3020E-04,1.3597E-04,1.3106E-04,1.2507E-04,1.1294E-04,1.0120E-04,9.0726E-05
Day303,7.4454E-05,7.1881E-05,7.4350E-05,7.8650E-05,8.9378E-05,1.0031E-04,1.1734E-04,1.1162E-04,1.0447E-04,9.8409E-05,9.7417E-05,9.1383E-05,8.7465E-05,8.4501E-05,8.4267E-05,8.6930E-05,9.4148E-05,1.0703E-04,1.1626E-04,1.1470E-04,1.0733E-04,9.8963E-05,8.9476E-05,7.9754E-05
Day304,7.7548E-05,7.6757E-05,7.9535E-05,8.4440E-05,9.4976E-05,1.0550E-04,1.2086E-04,1.1350E-04,1.0559E-04,9.8961E-05,9.7213E-05,9.0689E-05,8.6840E-05,8.3742E-05,8.3990E-05,8.6652E-05,9.3798E-05,1.0662E-04,1.1578E-04,1.1551E-04,1.0878E-04,1.0126E-04,9.1622E-05,8.1478E-05
Day305,7.7777E-05,7.6439E-05,7.8480E-05,8.2725E-05,9.3336E-05,1.0351E-04,1.1990E-04,1.1289E-04,1.0431E-04,9.6591E-05,9.4707E-05,8.9041E-05,8.5675E-05,8.3369E-05,8.3732E-05,8.6298E-05,9.2677E-05,1.0326E-04,1.1030E-04,1.1023E-04,1.0606E-04,9.9416E-05,8.9989E-05,7.9530E-05
Day306,7.7407E-05,7.6430E-05,7.6630E-05,8.1102E-05,9.0138E-05,1.0119E-04,1.1944E-04,1.1343E-04,1.0573E-04,1.0001E-04,9.8353E-05,9.5266E-05,9.2095E-05,8.9188E-05,8.8661E-05,8.9610E-05,9.6477E-05,1.1113E-04,1.2150E-04,1.1871E-04,1.1058E-04,1.0348E-04,9.3199E-05,8.1987E-05
Day307,7.7501E-05,7.5562E-05,7.5533E-05,7.9853E-05,8.8536E-05,9.9309E-05,1.1797E-04,1.1286E-04,1.0547E-04,1.0019E-04,9.9058E-05,9.6649E-05,9.4021E-05,9.1645E-05,9.1335E-05,9.1759E-05,9.7826E-05,1.1066E-04,1.1943E-04,1.1608E-04,1.0884E-04,1.0322E-04,9.3894E-05,8.3254E-05
Day308,8.7842E-05,8.5801E-05,8.6912E-05,9.0298E-05,9.4397E-05,9.9460E-05,1.0974E-04,1.1479E-04,1.2499E-04,1.3010E-04,1.3308E-04,1.3200E-04,1.2686E-04,1.2419E-04,1.2669E-04,1.2401E-04,1.2906E-04,1.4042E-04,1.4131E-04,1.3780E-04,1.2895E-04,1.2009E-04,1.0877E-04,9.6798E-05
Day309,8.8021E-05,8.4600E-05,8.4640E-05,8.7035E-05,8.9557E-05,9.3722E-05,1.0347E-04,1.0934E-04,1.2004E-04,1.2495E-04,1.2790E-04,1.2772E-04,1.2379E-04,1.2206E-04,1.2489E-04,1.2311E-04,1.3111E-04,1.4709E-04,1.4740E-04,1.4347E-04,1.3388E-04,1.2445E-04,1.1161E-04,9.8749E-05
Day310,8.2555E-05,7.9340E-05,7.9093E-05,8.2326E-05,8.8982E-05,9.8476E-05,1.1732E-04,1.1552E-04,1.1001E-04,1.0645E-04,1.0679E-04,1.0426E-04,1.0148E-04,9.8996E-05,9.7834E-05,9.8561E-05,1.0684E-04,1.2451E-04,1.3289E-04,1.2926E-04,1.2167E-04,1.1599E-04,1.0642E-04,9.4969E-05
Day311,4.5591E-05,8.9014E-05,8.8433E-05,9.1391E-05,9.7811E-05,1.0671E-04,1.2441E-04,1.2107E-04,1.1460E-04,1.1023E-04,1.1018E-04,1.0617E-04,1.0249E-04,9.9294E-05,9.8033E-05,9.8910E-05,1.0726E-04,1.2502E-04,1.3301E-04,1.2956E-04,1.2205E-04,1.1707E-04,1.0797E-04,9.7165E-05
Day312,9.3165E-05,9.0963E-05,9.0521E-05,9.3430E-05,1.0003E-04,1.0944E-04,1.2712E-04,1.2209E-04,1.1469E-04,1.0940E-04,1.0876E-04,1.0393E-04,9.9393E-05,9.5791E-05,9.4165E-05,9.5137E-05,1.0416E-04,1.2244E-04,1.3053E-04,1.2717E-04,1.2014E-04,1.1520E-04,1.0655E-04,9.6297E-05
Day313,9.3642E-05,9.2760E-05,9.3423E-05,9.7339E-05,1.0520E-04,1.1515E-04,1.3388E-04,1.2581E-04,1.1674E-04,1.0944E-04,1.0762E-04,1.0148E-04,9.6443E-05,9.2198E-05,9.0228E-05,9.0785E-05,9.9559E-05,1.1818E-04,1.2753E-04,1.2491E-04,1.1838E-04,1.1347E-04,1.0457E-04,9.4397E-05
Day314,9.2003E-05,9.1632E-05,9.2468E-05,9.6641E-05,1.0458E-04,1.1425E-04,1.3300E-04,1.2482E-04,1.1510E-04,1.0717E-04,1.0514E-04,9.9342E-05,9.4462E-05,9.0611E-05,8.8767E-05,8.8835E-05,9.6473E-05,1.1293E-04,1.2032E-04,1.1655E-04,1.1009E-04,1.0607E-04,9.8374E-05,8.8744E-05
Day315,9.4088E-05,9.3323E-05,9.5717E-05,9.9242E-05,1.0322E-04,1.0748E-04,1.1770E-04,1.1987E-04,1.2821E-04,1.3140E-04,1.3298E-04,1.2899E-04,1.2208E-04,1.1809E-04,1.1941E-04,1.1638E-04,1.2371E-04,1.3945E-04,1.3889E-04,1.3487E-04,1.2668E-04,1.1860E-04,1.0792E-04,9.6396E-05
Day316,8.8157E-05,8.4862E-05,8.6325E-05,8.9262E-05,9.2276E-05,9.6484E-05,1.0683E-04,1.0997E-04,1.1912E-04,1.2363E-04,1.2655E-04,1.2467E-04,1.1934E-04,1.1642E-04,1.1848E-04,1.1638E-04,1.2486E-04,1.4139E-04,1.4141E-04,1.3795E-04,1.2910E-04,1.2020E-04,1.0726E-04,9.3996E-05
Day317,7.9093E-05,7.6343E-05,7.6815E-05,8.0501E-05,8.6950E-05,9.6622E-05,1.1818E-04,1.1557E-04,1.0924E-04,1.0553E-04,1.0633E-04,1.0224E-04,9.8128E-05,9.4163E-05,9.2463E-05,9.3206E-05,1.0235E-04,1.2152E-04,1.3017E-04,1.2748E-04,1.2094E-04,1.1436E-04,1.0520E-04,9.4399E-05
Day318,9.4246E-05,9.3817E-05,9.5034E-05,9.9617E-05,1.0761E-04,1.1764E-04,1.3604E-04,1.3041E-04,1.2251E-04,1.1717E-04,1.1621E-04,1.0974E-04,1.0445E-04,9.9687E-05,9.7022E-05,9.7625E-05,1.0699E-04,1.2707E-04,1.3530E-04,1.3287E-04,1.2699E-04,1.2300E-04,1.1485E-04,1.0507E-04
Day319,1.0513E-04,1.0532E-04,1.0672E-04,1.1109E-04,1.1879E-04,1.2816E-04,1.4551E-04,1.3782E-04,1.2788E-04,1.2090E-04,1.1923E-04,1.1141E-04,1.0531E-04,1.0040E-04,9.7717E-05,9.8363E-05,1.0765E-04,1.2726E-04,1.3522E-04,1.3288E-04,1.2690E-04,1.2326E-04,1.1565E-04,1.0643E-04
Day320,1.0604E-04,1.0633E-04,1.0776E-04,1.1197E-04,1.1969E-04,1.2918E-04,1.4679E-04,1.3782E-04,1.2791E-04,1.2035E-04,1.1847E-04,1.0982E-04,1.0327E-04,9.7723E-05,9.4691E-05,9.4993E-05,1.0418E-04,1.2378E-04,1.3198E-04,1.2972E-04,1.2349E-04,1.1990E-04,1.1223E-04,1.0329E-04
Day321,1.0259E-04,1.0315E-04,1.0455E-04,1.0892E-04,1.1674E-04,1.2611E-04,1.4442E-04,1.3474E-04,1.2441E-04,1.1601E-04,1.1351E-04,1.0499E-04,9.8321E-05,9.2960E-05,9.0029E-05,8.9947E-05,9.8353E-05,1.1645E-04,1.2396E-04,1.2118E-04,1.1567E-04,1.1345E-04,1.0741E-04,9.9737E-05
Day322,1.0958E-04,1.1056E-04,1.1410E-04,1.1857E-04,1.2372E-04,1.2829E-04,1.3893E-04,1.3817E-04,1.4380E-04,1.4446E-04,1.4463E-04,1.3737E-04,1.2825E-04,1.2223E-04,1.2229E-04,1.1922E-04,1.2711E-04,1.4402E-04,1.4306E-04,1.3980E-04,1.3241E-04,1.2577E-04,1.1725E-04,1.0804E-04
Day323,1.0279E-04,1.0205E-04,1.0518E-04,1.0924E-04,1.1348E-04,1.1803E-04,1.2941E-04,1.2817E-04,1.3373E-04,1.3425E-04,1.3492E-04,1.2930E-04,1.2230E-04,1.1787E-04,1.1891E-04,1.1668E-04,1.2581E-04,1.4379E-04,1.4341E-04,1.4053E-04,1.3211E-04,1.2400E-04,1.1256E-04,1.0078E-04
Day324,8.4515E-05,8.2850E-05,8.4228E-05,8.8864E-05,9.7000E-05,1.0658E-04,1.2642E-04,1.1957E-04,1.1143E-04,1.0499E-04,1.0313E-04,9.7488E-05,9.2736E-05,8.8536E-05,8.6697E-05,8.7221E-05,9.6284E-05,1.1457E-04,1.2344E-04,1.2017E-04,1.1301E-04,1.0760E-04,9.7920E-05,8.6247E-05
Day325,8.1594E-05,7.9985E-05,8.0263E-05,8.3982E-05,9.1230E-05,1.0053E-04,1.2062E-04,1.1455E-04,1.0681E-04,1.0050E-04,9.9068E-05,9.4722E-05,9.0617E-05,8.7155E-05,8.5789E-05,8.6445E-05,9.5181E-05,1.1281E-04,1.2144E-04,1.1819E-04,1.1146E-04,1.0618E-04,9.6589E-05,8.4581E-05
Day326,7.9466E-05,7.7500E-05,7.7742E-05,8.1416E-05,8.8328E-05,9.6812E-05,1.1674E-04,1.1238E-04,1.0595E-04,1.0023E-04,9.8950E-05,9.4936E-05,9.0584E-05,8.6512E-05,8.4853E-05,8.4747E-05,9.2634E-05,1.0989E-04,1.1836E-04,1.1498E-04,1.0864E-04,1.0397E-04,9.5075E-05,8.3171E-05
Day327,7.8775E-05,7.6336E-05,7.5997E-05,7.8975E-05,8.4006E-05,8.9522E-05,1.0579E-04,1.0158E-04,9.6871E-05,9.3407E-05,9.3151E-05,8.8629E-05,8.2478E-05,7.6237E-05,7.2726E-05,7.1463E-05,7.7261E-05,9.1269E-05,9.8455E-05,9.7196E-05,9.3700E-05,9.1048E-05,8.6012E-05,7.7940E-05
Day328,7.7540E-05,7.7182E-05,7.8086E-05,8.2148E-05,8.8315E-05,9.4155E-05,1.0891E-04,1.0317E-04,9.8338E-05,9.4900E-05,9.4443E-05,9.0524E-05,8.6469E-05,8.2457E-05,8.0865E-05,8.1860E-05,9.0754E-05,1.0836E-04,1.1549E-04,1.1302E-04,1.0818E-04,1.0629E-04,1.0084E-04,9.3361E-05
Day329,1.0449E-04,1.0528E-04,1.0888E-04,1.1383E-04,1.1892E-04,1.2312E-04,1.3274E-04,1.3455E-04,1.4317E-04,1.4866E-04,1.5170E-04,1.4610E-04,1.3753E-04,1.3170E-04,1.3149E-04,1.2933E-04,1.3837E-04,1.5670E-04,1.5599E-04,1.5442E-04,1.4851E-04,1.4340E-04,1.3648E-04,1.2787E-04
Day330,1.2256E-04,1.2174E-04,1.2560E-04,1.3000E-04,1.3459E-04,1.3928E-04,1.4906E-04,1.4645E-04,1.4972E-04,1.4930E-04,1.4958E-04,1.4280E-04,1.3447E-04,1.2887E-04,1.2881E-04,1.2700E-04,1.3717E-04,1.5780E-04,1.5747E-04,1.5656E-04,1.4923E-04,1.4196E-04,1.3152E-04,1.2076E-04
Day331,1.0504E-04,1.0391E-04,1.0550E-04,1.1018E-04,1.1831E-04,1.2810E-04,1.4515E-04,1.3807E-04,1.2868E-04,1.2130E-04,1.1964E-04,1.1255E-04,1.0701E-04,1.0256E-04,1.0025E-04,1.0124E-04,1.1105E-04,1.3164E-04,1.3953E-04,1.3702E-04,1.3041E-04,1.2624E-04,1.1765E-04,1.0695E-04
Day332,1.0595E-04,1.0478E-04,1.0540E-04,1.0911E-04,1.1658E-04,1.2586E-04,1.4252E-04,1.3685E-04,1.2948E-04,1.2514E-04,1.2569E-04,1.1850E-04,1.1307E-04,1.0826E-04,1.0548E-04,1.0618E-04,1.1601E-04,1.3685E-04,1.4408E-04,1.4178E-04,1.3530E-04,1.3183E-04,1.2412E-04,1.1405E-04
Day333,1.1181E-04,1.1138E-04,1.1266E-04,1.1692E-04,1.2469E-04,1.3428E-04,1.5192E-04,1.4318E-04,1.3256E-04,1.2487E-04,1.2297E-04,1.1397E-04,1.0718E-04,1.0165E-04,9.8581E-05,9.9248E-05,1.0964E-04,1.3130E-04,1.3987E-04,1.3854E-04,1.3330E-04,1.3057E-04,1.2288E-04,1.1349E-04
Day334,1.1302E-04,1.1379E-04,1.1593E-04,1.2101E-04,1.2948E-04,1.3922E-04,1.5659E-04,1.4633E-04,1.3367E-04,1.2374E-04,1.2020E-04,1.1064E-04,1.0379E-04,9.8272E-05,9.5430E-05,9.6114E-05,1.0618E-04,1.2702E-04,1.3597E-04,1.3430E-04,1.2838E-04,1.2471E-04,1.1633E-04,1.0617E-04
Day335,1.0343E-04,1.0264E-04,1.0342E-04,1.0733E-04,1.1501E-04,1.2422E-04,1.4261E-04,1.3411E-04,1.2334E-04,1.1456E-04,1.1175E-04,1.0443E-04,9.8543E-05,9.3881E-05,9.1381E-05,9.1610E-05,1.0092E-04,1.1920E-04,1.2631E-04,1.2312E-04,1.1711E-04,1.1376E-04,1.0606E-04,9.5907E-05
Day336,1.0205E-04,1.0192E-04,1.0248E-04,1.0445E-04,1.0772E-04,1.1134E-04,1.2195E-04,1.2378E-04,1.3626E-04,1.3841E-04,1.4082E-04,1.3218E-04,1.2966E-04,1.2359E-04,1.2168E-04,1.2535E-04,1.3257E-04,1.4496E-04,1.4681E-04,1.4167E-04,1.3355E-04,1.2623E-04,1.1312E-04,1.0054E-04
Day337,9.2197E-05,8.9657E-05,8.9127E-05,9.0520E-05,9.2519E-05,9.5964E-05,1.0637E-04,1.0950E-04,1.2330E-04,1.2609E-04,1.3007E-04,1.2445E-04,1.2460E-04,1.1995E-04,1.1917E-04,1.2375E-04,1.3198E-04,1.4548E-04,1.4859E-04,1.4356E-04,1.3377E-04,1.2393E-04,1.0713E-04,9.1893E-05
Day338,7.2977E-05,6.8313E-05,6.7043E-05,6.9626E-05,7.5242E-05,8.4775E-05,1.0319E-04,1.0076E-04,1.0093E-04,9.7898E-05,9.9119E-05,9.5685E-05,9.4649E-05,9.1433E-05,9.0127E-05,9.2648E-05,1.0207E-04,1.1953E-04,1.2745E-04,1.2406E-04,1.1734E-04,1.0959E-04,9.7154E-05,8.3458E-05
Day339,7.3177E-05,6.8496E-05,6.6846E-05,6.9017E-05,7.4257E-05,8.3731E-05,1.0260E-04,1.0066E-04,1.0074E-04,9.7654E-05,9.8795E-05,9.5225E-05,9.4197E-05,9.0700E-05,8.9180E-05,9.1829E-05,1.0148E-04,1.1912E-04,1.2645E-04,1.2345E-04,1.1725E-04,1.0984E-04,9.8124E-05,8.5413E-05
Day340,7.8656E-05,7.5595E-05,7.5034E-05,7.8288E-05,8.4481E-05,9.4231E-05,1.1322E-04,1.0978E-04,1.0897E-04,1.0509E-04,1.0589E-04,1.0048E-04,9.8524E-05,9.4454E-05,9.2549E-05,9.5176E-05,1.0551E-04,1.2442E-04,1.3181E-04,1.2934E-04,1.2389E-04,1.1821E-04,1.0776E-04,9.6148E-05
Day341,9.3073E-05,9.1106E-05,9.1491E-05,9.5303E-05,1.0223E-04,1.1175E-04,1.2915E-04,1.2333E-04,1.2118E-04,1.1665E-04,1.1748E-04,1.1028E-04,1.0685E-04,1.0224E-04,9.9738E-05,1.0227E-04,1.1205E-04,1.3090E-04,1.3701E-04,1.3474E-04,1.2955E-04,1.2487E-04,1.1500E-04,1.0348E-04
Day342,9.6513E-05,9.3300E-05,9.2642E-05,9.5325E-05,1.0103E-04,1.0937E-04,1.2582E-04,1.2010E-04,1.1831E-04,1.1426E-04,1.1538E-04,1.0822E-04,1.0510E-04,1.0041E-04,9.7741E-05,9.9913E-05,1.0895E-04,1.2595E-04,1.2983E-04,1.2619E-04,1.2084E-04,1.1715E-04,1.0904E-04,9.8912E-05
Day343,9.9101E-05,9.7642E-05,9.7520E-05,9.9020E-05,1.0157E-04,1.0463E-04,1.1519E-04,1.1915E-04,1.3394E-04,1.3831E-04,1.4276E-04,1.3504E-04,1.3328E-04,1.2729E-04,1.2553E-04,1.2963E-04,1.3711E-04,1.5027E-04,1.5162E-04,1.4606E-04,1.3770E-04,1.3045E-04,1.1757E-04,1.0494E-04
Day344,9.7580E-05,9.4703E-05,9.4147E-05,9.5122E-05,9.6818E-05,9.9842E-05,1.1020E-04,1.1433E-04,1.2874E-04,1.3380E-04,1.3959E-04,1.3438E-04,1.3501E-04,1.3066E-04,1.2988E-04,1.3451E-04,1.4327E-04,1.5832E-04,1.6047E-04,1.5628E-04,1.4722E-04,1.3840E-04,1.2342E-04,1.0948E-04
Day345,9.3764E-05,9.0359E-05,9.0244E-05,9.3731E-05,1.0008E-04,1.0961E-04,1.2571E-04,1.2358E-04,1.2389E-04,1.2205E-04,1.2444E-04,1.1798E-04,1.1472E-04,1.0952E-04,1.0676E-04,1.0960E-04,1.2008E-04,1.4033E-04,1.4697E-04,1.4478E-04,1.3952E-04,1.3521E-04,1.2543E-04,1.1489E-04
Day346,1.1355E-04,1.1216E-04,1.1313E-04,1.1744E-04,1.2479E-04,1.3424E-04,1.4674E-04,1.4179E-04,1.4110E-04,1.3740E-04,1.3847E-04,1.2863E-04,1.2363E-04,1.1716E-04,1.1312E-04,1.1527E-04,1.2572E-04,1.4805E-04,1.5413E-04,1.5285E-04,1.4879E-04,1.4670E-04,1.3895E-04,1.3003E-04
Day347,1.2747E-04,1.2694E-04,1.2830E-04,1.3258E-04,1.4016E-04,1.4904E-04,1.6071E-04,1.5327E-04,1.4873E-04,1.4227E-04,1.4173E-04,1.2922E-04,1.2242E-04,1.1485E-04,1.1065E-04,1.1263E-04,1.2310E-04,1.4470E-04,1.5050E-04,1.4910E-04,1.4513E-04,1.4321E-04,1.3616E-04,1.2822E-04
Day348,1.2667E-04,1.2683E-04,1.2841E-04,1.3277E-04,1.4050E-04,1.4960E-04,1.6264E-04,1.5362E-04,1.4710E-04,1.3868E-04,1.3699E-04,1.2256E-04,1.1520E-04,1.0754E-04,1.0292E-04,1.0490E-04,1.1547E-04,1.3728E-04,1.4391E-04,1.4300E-04,1.3901E-04,1.3738E-04,1.3067E-04,1.2324E-04
Day349,1.2257E-04,1.2296E-04,1.2477E-04,1.2913E-04,1.3668E-04,1.4554E-04,1.5923E-04,1.4928E-04,1.4306E-04,1.3480E-04,1.3297E-04,1.1941E-04,1.1259E-04,1.0561E-04,1.0138E-04,1.0319E-04,1.1308E-04,1.3293E-04,1.3736E-04,1.3504E-04,1.3057E-04,1.2954E-04,1.2419E-04,1.1733E-04
Day350,1.2385E-04,1.2433E-04,1.2585E-04,1.2815E-04,1.3135E-04,1.3406E-04,1.4377E-04,1.4436E-04,1.5516E-04,1.5698E-04,1.5926E-04,1.4681E-04,1.4177E-04,1.3402E-04,1.3081E-04,1.3427E-04,1.4185E-04,1.5599E-04,1.5674E-04,1.5147E-04,1.4373E-04,1.3735E-04,1.2675E-04,1.1584E-04
Day351,1.0830E-04,1.0661E-04,1.0676E-04,1.0833E-04,1.1050E-04,1.1356E-04,1.2381E-04,1.2529E-04,1.3672E-04,1.3935E-04,1.4391E-04,1.3550E-04,1.3433E-04,1.2885E-04,1.2714E-04,1.3177E-04,1.4026E-04,1.5436E-04,1.5619E-04,1.5226E-04,1.4403E-04,1.3562E-04,1.2102E-04,1.0727E-04
Day352,9.2001E-05,8.9070E-05,8.9281E-05,9.2755E-05,9.9342E-05,1.0852E-04,1.2566E-04,1.2093E-04,1.1952E-04,1.1574E-04,1.1704E-04,1.0928E-04,1.0597E-04,1.0091E-04,9.8123E-05,1.0063E-04,1.1068E-04,1.2972E-04,1.3646E-04,1.3372E-04,1.2832E-04,1.2334E-04,1.1310E-04,1.0207E-04
Day353,9.6974E-05,9.4873E-05,9.5266E-05,9.9178E-05,1.0622E-04,1.1569E-04,1.3381E-04,1.2748E-04,1.2449E-04,1.1893E-04,1.1924E-04,1.1042E-04,1.0664E-04,1.0147E-04,9.8799E-05,1.0141E-04,1.1121E-04,1.3128E-04,1.3830E-04,1.3639E-04,1.3155E-04,1.2768E-04,1.1869E-04,1.0817E-04
Day354,1.0324E-04,1.0157E-04,1.0229E-04,1.0643E-04,1.1396E-04,1.2357E-04,1.4039E-04,1.3313E-04,1.2942E-04,1.2347E-04,1.2374E-04,1.1425E-04,1.1010E-04,1.0500E-04,1.0246E-04,1.0492E-04,1.1444E-04,1.3491E-04,1.4084E-04,1.3846E-04,1.3387E-04,1.3077E-04,1.2247E-04,1.1246E-04
Day355,1.0694E-04,1.0519E-04,1.0549E-04,1.0922E-04,1.1611E-04,1.2479E-04,1.4043E-04,1.3476E-04,1.3344E-04,1.2980E-04,1.3143E-04,1.2139E-04,1.1669E-04,1.1096E-04,1.0778E-04,1.1040E-04,1.2030E-04,1.4081E-04,1.4679E-04,1.4525E-04,1.4114E-04,1.3942E-04,1.3306E-04,1.2509E-04
Day356,1.2451E-04,1.2467E-04,1.2648E-04,1.3141E-04,1.3926E-04,1.4771E-04,1.6014E-04,1.5462E-04,1.5183E-04,1.4772E-04,1.4782E-04,1.3468E-04,1.2736E-04,1.1958E-04,1.1440E-04,1.1617E-04,1.2574E-04,1.4673E-04,1.5122E-04,1.4955E-04,1.4600E-04,1.4686E-04,1.4306E-04,1.3781E-04
Day357,1.4768E-04,1.5060E-04,1.5402E-04,1.5766E-04,1.6199E-04,1.6503E-04,1.7475E-04,1.7382E-04,1.8141E-04,1.8035E-04,1.7968E-04,1.6313E-04,1.5445E-04,1.4400E-04,1.3910E-04,1.4199E-04,1.5067E-04,1.6867E-04,1.7161E-04,1.6930E-04,1.6390E-04,1.6016E-04,1.5280E-04,1.4494E-04
Day358,1.4239E-04,1.4320E-04,1.4586E-04,1.4906E-04,1.5274E-04,1.5638E-04,1.6657E-04,1.6432E-04,1.7049E-04,1.6731E-04,1.6667E-04,1.5263E-04,1.4701E-04,1.3891E-04,1.3542E-04,1.3877E-04,1.4715E-04,1.6355E-04,1.6538E-04,1.6356E-04,1.5739E-04,1.5263E-04,1.4268E-04,1.3214E-04
Day359,1.1738E-04,1.1495E-04,1.1533E-04,1.1843E-04,1.2327E-04,1.2681E-04,1.3161E-04,1.2721E-04,1.2893E-04,1.2844E-04,1.3024E-04,1.1975E-04,1.1421E-04,1.0778E-04,1.0411E-04,1.0585E-04,1.1388E-04,1.3040E-04,1.3200E-04,1.2866E-04,1.2480E-04,1.2554E-04,1.2268E-04,1.1682E-04
Day360,1.1368E-04,1.1154E-04,1.1102E-04,1.1308E-04,1.1655E-04,1.1993E-04,1.3021E-04,1.2452E-04,1.2458E-04,1.2308E-04,1.2615E-04,1.1738E-04,1.1225E-04,1.0580E-04,1.0195E-04,1.0363E-04,1.1180E-04,1.2928E-04,1.3432E-04,1.3569E-04,1.3403E-04,1.3203E-04,1.2819E-04,1.2247E-04
Day361,1.2295E-04,1.2255E-04,1.2330E-04,1.2686E-04,1.3291E-04,1.3858E-04,1.4600E-04,1.4303E-04,1.4707E-04,1.4799E-04,1.5230E-04,1.4236E-04,1.3680E-04,1.2991E-04,1.2544E-04,1.2688E-04,1.3577E-04,1.5694E-04,1.6114E-04,1.5942E-04,1.5520E-04,1.5509E-04,1.5046E-04,1.4366E-04
Day362,1.4171E-04,1.4136E-04,1.4265E-04,1.4653E-04,1.5264E-04,1.5738E-04,1.5954E-04,1.5444E-04,1.5780E-04,1.5657E-04,1.5873E-04,1.4520E-04,1.3696E-04,1.2839E-04,1.2281E-04,1.2391E-04,1.3314E-04,1.5508E-04,1.5907E-04,1.5775E-04,1.5381E-04,1.5391E-04,1.4983E-04,1.4367E-04
Day363,1.4157E-04,1.4110E-04,1.4206E-04,1.4548E-04,1.5154E-04,1.5639E-04,1.5911E-04,1.5308E-04,1.5425E-04,1.5131E-04,1.5256E-04,1.3913E-04,1.3174E-04,1.2377E-04,1.1857E-04,1.1976E-04,1.2855E-04,1.4923E-04,1.5290E-04,1.5146E-04,1.4766E-04,1.4883E-04,1.4562E-04,1.4028E-04
Day364,1.5057E-04,1.5199E-04,1.5399E-04,1.5652E-04,1.5969E-04,1.6109E-04,1.6504E-04,1.6681E-04,1.8046E-04,1.8619E-04,1.9188E-04,1.8004E-04,1.7343E-04,1.6435E-04,1.5946E-04,1.6198E-04,1.6911E-04,1.8684E-04,1.8859E-04,1.8588E-04,1.8003E-04,1.7612E-04,1.6986E-04,1.6218E-04
Day365,1.6162E-04,1.6247E-04,1.6546E-04,1.6898E-04,1.7296E-04,1.7682E-04,1.8114E-04,1.8041E-04,1.9024E-04,1.9002E-04,1.9139E-04,1.7696E-04,1.6946E-04,1.5955E-04,1.5448E-04,1.5737E-04,1.6626E-04,1.8647E-04,1.8814E-04,1.8745E-04,1.8182E-04,1.7501E-04,1.6554E-04,1.3736E-04
